,TIME,SRC,PACKET_SIZE,CUMULATIVE_PACKET_SIZE,PAGE_NUMBER,TOTAL_PACKET_SIZE
0,0.0,31.13.82.0-255,74,74,87,739
1,3.1e-05,172.31.47.0-255,66,140,87,739
2,0.001619,172.31.47.0-255,599,739,87,739
3,0.0,157.240.13.0-255,234,234,87,558
4,1e-05,172.31.47.0-255,66,300,87,558
5,0.007731,172.31.47.0-255,157,457,87,558
6,0.009785,157.240.13.0-255,101,558,87,558
7,0.0,157.240.13.0-255,232,232,87,556
8,9e-06,172.31.47.0-255,66,298,87,556
9,0.005936,172.31.47.0-255,157,455,87,556
10,0.007971,157.240.13.0-255,101,556,87,556
11,0.0,157.240.13.0-255,66,66,87,66
12,0.0,157.240.13.0-255,230,230,87,554
13,1.3e-05,172.31.47.0-255,66,296,87,554
14,0.007125,172.31.47.0-255,157,453,87,554
15,0.00913,157.240.13.0-255,101,554,87,554
16,0.0,157.240.13.0-255,230,230,87,554
17,1.9e-05,172.31.47.0-255,66,296,87,554
18,0.006269,172.31.47.0-255,157,453,87,554
19,0.008354,157.240.13.0-255,101,554,87,554
20,0.0,157.240.13.0-255,231,231,87,555
21,1.9e-05,172.31.47.0-255,66,297,87,555
22,0.006026,172.31.47.0-255,157,454,87,555
23,0.007735,157.240.13.0-255,101,555,87,555
24,0.0,157.240.13.0-255,228,228,87,552
25,1.3e-05,172.31.47.0-255,66,294,87,552
26,0.006338,172.31.47.0-255,157,451,87,552
27,0.008657,157.240.13.0-255,101,552,87,552
28,0.0,157.240.13.0-255,231,231,87,555
29,1.1e-05,172.31.47.0-255,66,297,87,555
30,0.006628,172.31.47.0-255,157,454,87,555
31,0.008597,157.240.13.0-255,101,555,87,555
32,0.0,172.31.47.0-255,66,66,87,132
33,0.003891,157.240.13.0-255,66,132,87,132
34,0.0,157.240.13.0-255,260,260,87,584
35,2.6e-05,172.31.47.0-255,66,326,87,584
36,0.006336,172.31.47.0-255,157,483,87,584
37,0.008579,157.240.13.0-255,101,584,87,584
38,0.0,157.240.13.0-255,263,263,87,587
39,2.6e-05,172.31.47.0-255,66,329,87,587
40,0.006853,172.31.47.0-255,157,486,87,587
41,0.008533,157.240.13.0-255,101,587,87,587
42,0.0,157.240.13.0-255,66,66,87,66
43,0.0,31.13.82.0-255,101,101,87,167
44,2.1e-05,172.31.47.0-255,66,167,87,167
45,0.0,157.240.13.0-255,232,232,87,556
46,1e-05,172.31.47.0-255,66,298,87,556
47,0.007157,172.31.47.0-255,157,455,87,556
48,0.009098,157.240.13.0-255,101,556,87,556
49,0.0,157.240.13.0-255,232,232,87,556
50,8e-06,172.31.47.0-255,66,298,87,556
51,0.006615,172.31.47.0-255,157,455,87,556
52,0.008582,157.240.13.0-255,101,556,87,556
53,0.0,31.13.82.0-255,101,101,87,167
54,1.1e-05,172.31.47.0-255,66,167,87,167
55,0.0,31.13.82.0-255,101,101,87,167
56,1.6e-05,172.31.47.0-255,66,167,87,167
57,0.0,157.240.13.0-255,260,260,87,584
58,1.7e-05,172.31.47.0-255,66,326,87,584
59,0.006259,172.31.47.0-255,157,483,87,584
60,0.008598,157.240.13.0-255,101,584,87,584
61,0.0,31.13.82.0-255,74,74,87,739
62,2e-05,172.31.47.0-255,66,140,87,739
63,0.002057,172.31.47.0-255,599,739,87,739
64,0.0,31.13.82.0-255,101,101,87,167
65,1.8e-05,172.31.47.0-255,66,167,87,167
66,0.0,31.13.82.0-255,101,101,87,167
67,1.2e-05,172.31.47.0-255,66,167,87,167
68,0.0,31.13.82.0-255,101,101,87,167
69,1.3e-05,172.31.47.0-255,66,167,87,167
70,0.0,157.240.13.0-255,239,239,87,563
71,8e-06,172.31.47.0-255,66,305,87,563
72,0.007582,172.31.47.0-255,157,462,87,563
73,0.009627,157.240.13.0-255,101,563,87,563
74,0.0,31.13.82.0-255,101,101,87,167
75,2.1e-05,172.31.47.0-255,66,167,87,167
76,0.0,157.240.13.0-255,257,257,87,581
77,3.2e-05,172.31.47.0-255,66,323,87,581
78,0.00805,172.31.47.0-255,157,480,87,581
79,0.010167,157.240.13.0-255,101,581,87,581
80,0.0,31.13.82.0-255,101,101,87,167
81,1.9e-05,172.31.47.0-255,66,167,87,167
82,0.0,31.13.82.0-255,101,101,87,167
83,2.5e-05,172.31.47.0-255,66,167,87,167
84,0.0,157.240.13.0-255,241,241,87,565
85,6e-06,172.31.47.0-255,66,307,87,565
86,0.008895,172.31.47.0-255,157,464,87,565
87,0.01097,157.240.13.0-255,101,565,87,565
88,0.0,157.240.13.0-255,253,253,87,577
89,8e-06,172.31.47.0-255,66,319,87,577
90,0.007186,172.31.47.0-255,157,476,87,577
91,0.009188,157.240.13.0-255,101,577,87,577
92,0.0,31.13.82.0-255,101,101,87,167
93,1.2e-05,172.31.47.0-255,66,167,87,167
94,0.0,157.240.13.0-255,66,66,87,66
95,0.0,31.13.82.0-255,101,101,87,167
96,1.9e-05,172.31.47.0-255,66,167,87,167
97,0.0,31.13.82.0-255,101,101,87,167
98,2.3e-05,172.31.47.0-255,66,167,87,167
99,0.0,157.240.13.0-255,261,261,87,585
100,2.9e-05,172.31.47.0-255,66,327,87,585
101,0.006223,172.31.47.0-255,157,484,87,585
102,0.008471,157.240.13.0-255,101,585,87,585
103,0.0,157.240.13.0-255,228,228,87,552
104,1.5e-05,172.31.47.0-255,66,294,87,552
105,0.006667,172.31.47.0-255,157,451,87,552
106,0.008659,157.240.13.0-255,101,552,87,552
107,0.0,31.13.82.0-255,101,101,87,167
108,1.9e-05,172.31.47.0-255,66,167,87,167
109,0.0,31.13.82.0-255,74,74,87,739
110,2.1e-05,172.31.47.0-255,66,140,87,739
111,0.002168,172.31.47.0-255,599,739,87,739
112,0.0,31.13.82.0-255,101,101,87,167
113,1.9e-05,172.31.47.0-255,66,167,87,167
114,0.0,157.240.13.0-255,261,261,87,585
115,2.9e-05,172.31.47.0-255,66,327,87,585
116,0.014345,172.31.47.0-255,157,484,87,585
117,0.016629,157.240.13.0-255,101,585,87,585
118,0.0,31.13.82.0-255,101,101,87,167
119,2.5e-05,172.31.47.0-255,66,167,87,167
120,0.0,157.240.13.0-255,233,233,87,557
121,1.5e-05,172.31.47.0-255,66,299,87,557
122,0.006069,172.31.47.0-255,157,456,87,557
123,0.008306,157.240.13.0-255,101,557,87,557
124,0.0,157.240.13.0-255,228,228,87,552
125,1.7e-05,172.31.47.0-255,66,294,87,552
126,0.009184,172.31.47.0-255,157,451,87,552
127,0.011474,157.240.13.0-255,101,552,87,552
128,0.0,157.240.13.0-255,229,229,87,553
129,1.2e-05,172.31.47.0-255,66,295,87,553
130,0.00555,172.31.47.0-255,157,452,87,553
131,0.007338,157.240.13.0-255,101,553,87,553
132,0.0,172.31.47.0-255,66,66,87,132
133,0.00528,157.240.13.0-255,66,132,87,132
134,0.0,157.240.7.0-255,66,66,87,66
135,0.0,31.13.82.0-255,101,101,87,167
136,1.8e-05,172.31.47.0-255,66,167,87,167
137,0.0,157.240.13.0-255,229,229,87,553
138,1.3e-05,172.31.47.0-255,66,295,87,553
139,0.006097,172.31.47.0-255,157,452,87,553
140,0.008151,157.240.13.0-255,101,553,87,553
141,0.0,31.13.82.0-255,101,101,87,167
142,1.2e-05,172.31.47.0-255,66,167,87,167
143,0.0,157.240.13.0-255,231,231,87,555
144,2.6e-05,172.31.47.0-255,66,297,87,555
145,0.006068,172.31.47.0-255,157,454,87,555
146,0.007887,157.240.13.0-255,101,555,87,555
147,0.0,31.13.82.0-255,74,74,87,739
148,3.5e-05,172.31.47.0-255,66,140,87,739
149,0.001533,172.31.47.0-255,599,739,87,739
150,0.0,157.240.13.0-255,222,222,87,546
151,1.4e-05,172.31.47.0-255,66,288,87,546
152,0.006903,172.31.47.0-255,157,445,87,546
153,0.008639,157.240.13.0-255,101,546,87,546
154,0.0,157.240.7.0-255,66,66,87,66
155,0.0,157.240.7.0-255,66,66,87,66
156,0.0,31.13.82.0-255,101,101,87,167
157,2.7e-05,172.31.47.0-255,66,167,87,167
158,0.0,157.240.13.0-255,318,318,87,708
159,0.007771,172.31.47.0-255,157,475,87,708
160,0.010022,157.240.13.0-255,101,576,87,708
161,0.010039,172.31.47.0-255,66,642,87,708
162,0.039255,172.31.47.0-255,66,708,87,708
163,0.0,157.240.13.0-255,225,225,87,549
164,1.2e-05,172.31.47.0-255,66,291,87,549
165,0.005765,172.31.47.0-255,157,448,87,549
166,0.007752,157.240.13.0-255,101,549,87,549
167,0.0,157.240.13.0-255,227,227,87,551
168,8e-06,172.31.47.0-255,66,293,87,551
169,0.008196,172.31.47.0-255,157,450,87,551
170,0.010158,157.240.13.0-255,101,551,87,551
171,0.0,157.240.13.0-255,231,231,87,621
172,2.3e-05,172.31.47.0-255,66,297,87,621
173,0.006553,172.31.47.0-255,223,520,87,621
174,0.008617,157.240.13.0-255,101,621,87,621
175,0.0,172.31.47.0-255,66,66,87,132
176,0.003057,157.240.13.0-255,66,132,87,132
177,0.0,157.240.13.0-255,233,233,87,557
178,1.5e-05,172.31.47.0-255,66,299,87,557
179,0.008119,172.31.47.0-255,157,456,87,557
180,0.010124,157.240.13.0-255,101,557,87,557
181,0.0,157.240.7.0-255,66,66,87,66
182,0.0,31.13.82.0-255,74,74,87,739
183,3.1e-05,172.31.47.0-255,66,140,87,739
184,0.002367,172.31.47.0-255,599,739,87,739
185,0.0,157.240.13.0-255,232,232,87,556
186,9e-06,172.31.47.0-255,66,298,87,556
187,0.005031,172.31.47.0-255,157,455,87,556
188,0.007015,157.240.13.0-255,101,556,87,556
189,0.0,157.240.13.0-255,260,260,87,584
190,2.3e-05,172.31.47.0-255,66,326,87,584
191,0.008763,172.31.47.0-255,157,483,87,584
192,0.011084,157.240.13.0-255,101,584,87,584
193,0.0,157.240.13.0-255,66,66,87,66
194,0.0,157.240.13.0-255,231,231,87,555
195,1.4e-05,172.31.47.0-255,66,297,87,555
196,0.00605,172.31.47.0-255,157,454,87,555
197,0.008423,157.240.13.0-255,101,555,87,555
198,0.0,157.240.13.0-255,232,232,87,556
199,2.2e-05,172.31.47.0-255,66,298,87,556
200,0.007822,172.31.47.0-255,157,455,87,556
201,0.009815,157.240.13.0-255,101,556,87,556
202,0.0,31.13.82.0-255,101,101,87,167
203,1.9e-05,172.31.47.0-255,66,167,87,167
204,0.0,157.240.13.0-255,258,258,87,582
205,1.7e-05,172.31.47.0-255,66,324,87,582
206,0.006316,172.31.47.0-255,157,481,87,582
207,0.008608,157.240.13.0-255,101,582,87,582
208,0.0,31.13.82.0-255,101,101,87,167
209,2e-05,172.31.47.0-255,66,167,87,167
210,0.0,157.240.13.0-255,66,66,87,66
211,0.0,172.31.47.0-255,105,105,87,443
212,0.00234,172.217.194.0-255,66,171,87,443
213,0.002371,172.217.194.0-255,105,276,87,443
214,0.015571,31.13.82.0-255,101,377,87,443
215,0.015597,172.31.47.0-255,66,443,87,443
216,0.0,157.240.13.0-255,230,230,87,627
217,9e-06,172.31.47.0-255,66,296,87,627
218,0.007325,172.31.47.0-255,230,526,87,627
219,0.009593,157.240.13.0-255,101,627,87,627
220,0.0,157.240.7.0-255,66,66,87,66
221,0.0,157.240.13.0-255,229,229,87,553
222,1e-05,172.31.47.0-255,66,295,87,553
223,0.007838,172.31.47.0-255,157,452,87,553
224,0.009866,157.240.13.0-255,101,553,87,553
225,0.0,157.240.13.0-255,261,261,87,599
226,1.9e-05,172.31.47.0-255,66,327,87,599
227,0.008114,172.31.47.0-255,171,498,87,599
228,0.010492,157.240.13.0-255,101,599,87,599
229,0.0,157.240.13.0-255,232,232,87,556
230,1.9e-05,172.31.47.0-255,66,298,87,556
231,0.008185,172.31.47.0-255,157,455,87,556
232,0.01073,157.240.13.0-255,101,556,87,556
233,0.0,157.240.13.0-255,66,66,87,66
234,0.0,31.13.82.0-255,101,101,87,167
235,2e-05,172.31.47.0-255,66,167,87,167
236,0.0,157.240.13.0-255,66,66,87,66
237,0.0,157.240.13.0-255,232,232,87,556
238,1.3e-05,172.31.47.0-255,66,298,87,556
239,0.007519,172.31.47.0-255,157,455,87,556
240,0.010067,157.240.13.0-255,101,556,87,556
241,0.0,31.13.82.0-255,101,101,87,167
242,2.1e-05,172.31.47.0-255,66,167,87,167
243,0.0,157.240.13.0-255,259,259,87,583
244,3.2e-05,172.31.47.0-255,66,325,87,583
245,0.006872,172.31.47.0-255,157,482,87,583
246,0.009303,157.240.13.0-255,101,583,87,583
247,0.0,157.240.13.0-255,260,260,87,584
248,2.3e-05,172.31.47.0-255,66,326,87,584
249,0.005885,172.31.47.0-255,157,483,87,584
250,0.008145,157.240.13.0-255,101,584,87,584
251,0.0,157.240.13.0-255,259,259,87,583
252,2e-05,172.31.47.0-255,66,325,87,583
253,0.006053,172.31.47.0-255,157,482,87,583
254,0.008078,157.240.13.0-255,101,583,87,583
255,0.0,157.240.7.0-255,66,66,87,66
256,0.0,157.240.13.0-255,260,260,87,584
257,2.9e-05,172.31.47.0-255,66,326,87,584
258,0.006769,172.31.47.0-255,157,483,87,584
259,0.008821,157.240.13.0-255,101,584,87,584
260,0.0,31.13.82.0-255,101,101,87,167
261,1.9e-05,172.31.47.0-255,66,167,87,167
262,0.0,157.240.13.0-255,231,231,87,555
263,1.7e-05,172.31.47.0-255,66,297,87,555
264,0.008473,172.31.47.0-255,157,454,87,555
265,0.010637,157.240.13.0-255,101,555,87,555
266,0.0,31.13.82.0-255,101,101,87,167
267,1.3e-05,172.31.47.0-255,66,167,87,167
268,0.0,157.240.13.0-255,256,256,87,653
269,1.7e-05,172.31.47.0-255,66,322,87,653
270,0.008223,172.31.47.0-255,230,552,87,653
271,0.010591,157.240.13.0-255,101,653,87,653
272,0.0,157.240.13.0-255,232,232,87,556
273,1.8e-05,172.31.47.0-255,66,298,87,556
274,0.007446,172.31.47.0-255,157,455,87,556
275,0.009117,157.240.13.0-255,101,556,87,556
276,0.0,157.240.13.0-255,259,259,87,583
277,2.9e-05,172.31.47.0-255,66,325,87,583
278,0.007883,172.31.47.0-255,157,482,87,583
279,0.010211,157.240.13.0-255,101,583,87,583
280,0.0,31.13.82.0-255,101,101,87,167
281,2.7e-05,172.31.47.0-255,66,167,87,167
282,0.0,157.240.13.0-255,233,233,87,557
283,1.5e-05,172.31.47.0-255,66,299,87,557
284,0.006724,172.31.47.0-255,157,456,87,557
285,0.008697,157.240.13.0-255,101,557,87,557
286,0.0,31.13.82.0-255,74,74,87,739
287,3.2e-05,172.31.47.0-255,66,140,87,739
288,0.001829,172.31.47.0-255,599,739,87,739
289,0.0,31.13.82.0-255,74,74,87,739
290,2.7e-05,172.31.47.0-255,66,140,87,739
291,0.001971,172.31.47.0-255,599,739,87,739
292,0.0,31.13.82.0-255,101,101,87,167
293,2e-05,172.31.47.0-255,66,167,87,167
294,0.0,31.13.82.0-255,101,101,87,167
295,3.9e-05,172.31.47.0-255,66,167,87,167
296,0.0,157.240.13.0-255,261,261,87,585
297,3.3e-05,172.31.47.0-255,66,327,87,585
298,0.0086,172.31.47.0-255,157,484,87,585
299,0.010862,157.240.13.0-255,101,585,87,585
300,0.0,157.240.13.0-255,232,232,87,556
301,9e-06,172.31.47.0-255,66,298,87,556
302,0.007622,172.31.47.0-255,157,455,87,556
303,0.009592,157.240.13.0-255,101,556,87,556
304,0.0,31.13.82.0-255,101,101,87,167
305,2.3e-05,172.31.47.0-255,66,167,87,167
306,0.0,157.240.13.0-255,228,228,87,552
307,1e-05,172.31.47.0-255,66,294,87,552
308,0.007452,172.31.47.0-255,157,451,87,552
309,0.009402,157.240.13.0-255,101,552,87,552
310,0.0,31.13.82.0-255,101,101,87,167
311,1.5e-05,172.31.47.0-255,66,167,87,167
312,0.0,31.13.82.0-255,101,101,87,167
313,2e-05,172.31.47.0-255,66,167,87,167
314,0.0,157.240.13.0-255,230,230,87,554
315,9e-06,172.31.47.0-255,66,296,87,554
316,0.005482,172.31.47.0-255,157,453,87,554
317,0.007745,157.240.13.0-255,101,554,87,554
318,0.0,31.13.82.0-255,74,74,87,739
319,2.2e-05,172.31.47.0-255,66,140,87,739
320,0.002176,172.31.47.0-255,599,739,87,739
321,0.0,31.13.82.0-255,101,101,87,167
322,1.1e-05,172.31.47.0-255,66,167,87,167
323,0.0,31.13.82.0-255,101,101,87,167
324,1.2e-05,172.31.47.0-255,66,167,87,167
325,0.0,157.240.13.0-255,232,232,87,556
326,1.6e-05,172.31.47.0-255,66,298,87,556
327,0.007041,172.31.47.0-255,157,455,87,556
328,0.009402,157.240.13.0-255,101,556,87,556
329,0.0,157.240.13.0-255,66,66,87,66
330,0.0,31.13.82.0-255,74,74,87,739
331,3.9e-05,172.31.47.0-255,66,140,87,739
332,0.001484,172.31.47.0-255,599,739,87,739
333,0.0,157.240.13.0-255,261,261,87,585
334,1.3e-05,172.31.47.0-255,66,327,87,585
335,0.005434,172.31.47.0-255,157,484,87,585
336,0.007738,157.240.13.0-255,101,585,87,585
337,0.0,157.240.13.0-255,240,240,87,564
338,1.5e-05,172.31.47.0-255,66,306,87,564
339,0.006966,172.31.47.0-255,157,463,87,564
340,0.008593,157.240.13.0-255,101,564,87,564
341,0.0,157.240.13.0-255,66,66,87,66
342,0.0,157.240.13.0-255,262,262,87,586
343,2.6e-05,172.31.47.0-255,66,328,87,586
344,0.008276,172.31.47.0-255,157,485,87,586
345,0.010232,157.240.13.0-255,101,586,87,586
346,0.0,157.240.13.0-255,263,263,87,672
347,3e-05,172.31.47.0-255,66,329,87,672
348,0.008572,172.31.47.0-255,242,571,87,672
349,0.010347,157.240.13.0-255,101,672,87,672
350,0.0,157.240.13.0-255,229,229,87,553
351,2e-05,172.31.47.0-255,66,295,87,553
352,0.008331,172.31.47.0-255,157,452,87,553
353,0.010495,157.240.13.0-255,101,553,87,553
354,0.0,157.240.13.0-255,262,262,87,586
355,3e-05,172.31.47.0-255,66,328,87,586
356,0.006031,172.31.47.0-255,157,485,87,586
357,0.007995,157.240.13.0-255,101,586,87,586
358,0.0,157.240.13.0-255,232,232,87,556
359,1e-05,172.31.47.0-255,66,298,87,556
360,0.006236,172.31.47.0-255,157,455,87,556
361,0.008256,157.240.13.0-255,101,556,87,556
362,0.0,31.13.82.0-255,101,101,87,167
363,1.4e-05,172.31.47.0-255,66,167,87,167
364,0.0,157.240.13.0-255,231,231,87,555
365,1.8e-05,172.31.47.0-255,66,297,87,555
366,0.007764,172.31.47.0-255,157,454,87,555
367,0.010045,157.240.13.0-255,101,555,87,555
368,0.0,157.240.13.0-255,261,261,87,585
369,2.2e-05,172.31.47.0-255,66,327,87,585
370,0.008368,172.31.47.0-255,157,484,87,585
371,0.010751,157.240.13.0-255,101,585,87,585
372,0.0,31.13.82.0-255,74,74,87,739
373,3e-05,172.31.47.0-255,66,140,87,739
374,0.001685,172.31.47.0-255,599,739,87,739
375,0.0,31.13.82.0-255,101,101,87,167
376,1.2e-05,172.31.47.0-255,66,167,87,167
377,0.0,157.240.13.0-255,261,261,87,585
378,1.4e-05,172.31.47.0-255,66,327,87,585
379,0.007327,172.31.47.0-255,157,484,87,585
380,0.009035,157.240.13.0-255,101,585,87,585
381,0.0,157.240.13.0-255,260,260,87,584
382,2.4e-05,172.31.47.0-255,66,326,87,584
383,0.007428,172.31.47.0-255,157,483,87,584
384,0.009788,157.240.13.0-255,101,584,87,584
385,0.0,31.13.82.0-255,101,101,87,167
386,1.5e-05,172.31.47.0-255,66,167,87,167
387,0.0,157.240.13.0-255,66,66,87,66
388,0.0,157.240.13.0-255,234,234,87,558
389,1.7e-05,172.31.47.0-255,66,300,87,558
390,0.007423,172.31.47.0-255,157,457,87,558
391,0.009426,157.240.13.0-255,101,558,87,558
392,0.0,31.13.82.0-255,74,74,87,753
393,3.3e-05,172.31.47.0-255,66,140,87,753
394,0.001531,172.31.47.0-255,613,753,87,753
395,0.0,157.240.13.0-255,225,225,87,549
396,1.5e-05,172.31.47.0-255,66,291,87,549
397,0.007482,172.31.47.0-255,157,448,87,549
398,0.009356,157.240.13.0-255,101,549,87,549
399,0.0,157.240.13.0-255,66,66,87,66
400,0.0,172.31.47.0-255,66,66,87,132
401,0.003808,157.240.13.0-255,66,132,87,132
402,0.0,157.240.13.0-255,232,232,87,556
403,6e-06,172.31.47.0-255,66,298,87,556
404,0.007422,172.31.47.0-255,157,455,87,556
405,0.009779,157.240.13.0-255,101,556,87,556
406,0.0,157.240.13.0-255,260,260,87,584
407,2.8e-05,172.31.47.0-255,66,326,87,584
408,0.008057,172.31.47.0-255,157,483,87,584
409,0.010498,157.240.13.0-255,101,584,87,584
410,0.0,31.13.82.0-255,101,101,87,167
411,1.8e-05,172.31.47.0-255,66,167,87,167
412,0.0,31.13.82.0-255,101,101,87,167
413,1.8e-05,172.31.47.0-255,66,167,87,167
414,0.0,157.240.13.0-255,258,258,87,582
415,1.9e-05,172.31.47.0-255,66,324,87,582
416,0.007074,172.31.47.0-255,157,481,87,582
417,0.008829,157.240.13.0-255,101,582,87,582
418,0.0,157.240.13.0-255,273,273,87,597
419,2.3e-05,172.31.47.0-255,66,339,87,597
420,0.007894,172.31.47.0-255,157,496,87,597
421,0.010128,157.240.13.0-255,101,597,87,597
422,0.0,157.240.13.0-255,230,230,87,554
423,8e-06,172.31.47.0-255,66,296,87,554
424,0.007842,172.31.47.0-255,157,453,87,554
425,0.009566,157.240.13.0-255,101,554,87,554
426,0.0,157.240.13.0-255,262,262,87,659
427,2.8e-05,172.31.47.0-255,66,328,87,659
428,0.006361,172.31.47.0-255,230,558,87,659
429,0.008645,157.240.13.0-255,101,659,87,659
430,0.0,31.13.82.0-255,101,101,87,167
431,2.5e-05,172.31.47.0-255,66,167,87,167
432,0.0,31.13.82.0-255,101,101,87,167
433,3e-05,172.31.47.0-255,66,167,87,167
434,0.0,31.13.82.0-255,74,74,87,739
435,4.3e-05,172.31.47.0-255,66,140,87,739
436,0.002076,172.31.47.0-255,599,739,87,739
437,0.0,157.240.13.0-255,259,259,87,583
438,2.5e-05,172.31.47.0-255,66,325,87,583
439,0.007063,172.31.47.0-255,157,482,87,583
440,0.009382,157.240.13.0-255,101,583,87,583
441,0.0,157.240.13.0-255,66,66,87,66
442,0.0,172.31.47.0-255,66,66,87,66
443,0.0,157.240.13.0-255,261,261,87,585
444,2.5e-05,172.31.47.0-255,66,327,87,585
445,0.00784,172.31.47.0-255,157,484,87,585
446,0.010136,157.240.13.0-255,101,585,87,585
447,0.0,157.240.13.0-255,269,269,87,593
448,3.3e-05,172.31.47.0-255,66,335,87,593
449,0.005808,172.31.47.0-255,157,492,87,593
450,0.008091,157.240.13.0-255,101,593,87,593
451,0.0,31.13.82.0-255,101,101,87,167
452,2.7e-05,172.31.47.0-255,66,167,87,167
453,0.0,157.240.13.0-255,260,260,87,584
454,2.8e-05,172.31.47.0-255,66,326,87,584
455,0.007535,172.31.47.0-255,157,483,87,584
456,0.009994,157.240.13.0-255,101,584,87,584
457,0.0,157.240.13.0-255,231,231,87,555
458,1e-05,172.31.47.0-255,66,297,87,555
459,0.007463,172.31.47.0-255,157,454,87,555
460,0.009781,157.240.13.0-255,101,555,87,555
461,0.0,157.240.13.0-255,260,260,87,584
462,6.1e-05,172.31.47.0-255,66,326,87,584
463,0.009133,172.31.47.0-255,157,483,87,584
464,0.01109,157.240.13.0-255,101,584,87,584
465,0.0,157.240.13.0-255,258,258,87,582
466,1.4e-05,172.31.47.0-255,66,324,87,582
467,0.006302,172.31.47.0-255,157,481,87,582
468,0.008667,157.240.13.0-255,101,582,87,582
469,0.0,31.13.82.0-255,101,101,87,167
470,2.4e-05,172.31.47.0-255,66,167,87,167
471,0.0,31.13.82.0-255,101,101,87,167
472,2.5e-05,172.31.47.0-255,66,167,87,167
473,0.0,157.240.13.0-255,66,66,87,66
474,0.0,31.13.82.0-255,101,101,87,167
475,2.4e-05,172.31.47.0-255,66,167,87,167
476,0.0,31.13.82.0-255,101,101,87,167
477,1.1e-05,172.31.47.0-255,66,167,87,167
478,0.0,157.240.13.0-255,227,227,87,551
479,1.4e-05,172.31.47.0-255,66,293,87,551
480,0.005347,172.31.47.0-255,157,450,87,551
481,0.00736,157.240.13.0-255,101,551,87,551
482,0.0,157.240.13.0-255,232,232,87,556
483,1.5e-05,172.31.47.0-255,66,298,87,556
484,0.006307,172.31.47.0-255,157,455,87,556
485,0.008579,157.240.13.0-255,101,556,87,556
486,0.0,31.13.82.0-255,101,101,87,167
487,2.2e-05,172.31.47.0-255,66,167,87,167
488,0.0,31.13.82.0-255,74,74,87,739
489,3e-05,172.31.47.0-255,66,140,87,739
490,0.001317,172.31.47.0-255,599,739,87,739
491,0.0,31.13.82.0-255,101,101,87,167
492,2.3e-05,172.31.47.0-255,66,167,87,167
493,0.0,31.13.82.0-255,101,101,87,167
494,2.5e-05,172.31.47.0-255,66,167,87,167
495,0.0,31.13.82.0-255,101,101,87,167
496,2.3e-05,172.31.47.0-255,66,167,87,167
497,0.0,172.31.47.0-255,66,66,87,132
498,0.005466,157.240.13.0-255,66,132,87,132
499,0.0,157.240.13.0-255,230,230,87,554
500,1e-05,172.31.47.0-255,66,296,87,554
501,0.005413,172.31.47.0-255,157,453,87,554
502,0.00744,157.240.13.0-255,101,554,87,554
503,0.0,157.240.13.0-255,261,261,87,585
504,3.2e-05,172.31.47.0-255,66,327,87,585
505,0.008399,172.31.47.0-255,157,484,87,585
506,0.010659,157.240.13.0-255,101,585,87,585
507,0.0,157.240.13.0-255,232,232,87,556
508,1e-05,172.31.47.0-255,66,298,87,556
509,0.00567,172.31.47.0-255,157,455,87,556
510,0.007735,157.240.13.0-255,101,556,87,556
511,0.0,31.13.82.0-255,74,74,87,739
512,3.2e-05,172.31.47.0-255,66,140,87,739
513,0.001508,172.31.47.0-255,599,739,87,739
514,0.0,157.240.13.0-255,259,259,87,583
515,3.6e-05,172.31.47.0-255,66,325,87,583
516,0.006605,172.31.47.0-255,157,482,87,583
517,0.008932,157.240.13.0-255,101,583,87,583
518,0.0,31.13.82.0-255,101,101,87,167
519,2.1e-05,172.31.47.0-255,66,167,87,167
520,0.0,157.240.13.0-255,261,261,87,585
521,2.7e-05,172.31.47.0-255,66,327,87,585
522,0.008797,172.31.47.0-255,157,484,87,585
523,0.011139,157.240.13.0-255,101,585,87,585
524,0.0,157.240.7.0-255,66,66,87,66
525,0.0,31.13.82.0-255,101,101,87,167
526,2.2e-05,172.31.47.0-255,66,167,87,167
527,0.0,157.240.13.0-255,229,229,87,622
528,1.1e-05,172.31.47.0-255,66,295,87,622
529,0.007667,172.31.47.0-255,226,521,87,622
530,0.009914,157.240.13.0-255,101,622,87,622
531,0.0,157.240.13.0-255,66,66,87,66
532,0.0,157.240.13.0-255,259,259,87,583
533,2.8e-05,172.31.47.0-255,66,325,87,583
534,0.008284,172.31.47.0-255,157,482,87,583
535,0.010539,157.240.13.0-255,101,583,87,583
536,0.0,31.13.82.0-255,101,101,87,167
537,1.2e-05,172.31.47.0-255,66,167,87,167
538,0.0,31.13.82.0-255,101,101,87,167
539,2.4e-05,172.31.47.0-255,66,167,87,167
540,0.0,31.13.82.0-255,101,101,87,167
541,2.7e-05,172.31.47.0-255,66,167,87,167
542,0.0,157.240.13.0-255,261,261,87,585
543,2.8e-05,172.31.47.0-255,66,327,87,585
544,0.008199,172.31.47.0-255,157,484,87,585
545,0.010666,157.240.13.0-255,101,585,87,585
546,0.0,157.240.13.0-255,232,232,87,556
547,1.4e-05,172.31.47.0-255,66,298,87,556
548,0.008166,172.31.47.0-255,157,455,87,556
549,0.010075,157.240.13.0-255,101,556,87,556
550,0.0,157.240.13.0-255,261,261,87,585
551,2.7e-05,172.31.47.0-255,66,327,87,585
552,0.005496,172.31.47.0-255,157,484,87,585
553,0.007758,157.240.13.0-255,101,585,87,585
554,0.0,157.240.13.0-255,66,66,87,66
555,0.0,31.13.82.0-255,101,101,87,167
556,1.9e-05,172.31.47.0-255,66,167,87,167
557,0.0,157.240.13.0-255,66,66,87,66
558,0.0,157.240.13.0-255,66,66,87,66
559,0.0,31.13.82.0-255,101,101,87,167
560,2.4e-05,172.31.47.0-255,66,167,87,167
561,0.0,157.240.7.0-255,66,66,87,66
562,0.0,157.240.13.0-255,66,66,87,66
563,0.0,157.240.13.0-255,227,227,87,551
564,1.1e-05,172.31.47.0-255,66,293,87,551
565,0.006538,172.31.47.0-255,157,450,87,551
566,0.008457,157.240.13.0-255,101,551,87,551
567,0.0,157.240.13.0-255,254,254,87,578
568,2.3e-05,172.31.47.0-255,66,320,87,578
569,0.007314,172.31.47.0-255,157,477,87,578
570,0.009642,157.240.13.0-255,101,578,87,578
571,0.0,157.240.13.0-255,233,233,87,557
572,1.1e-05,172.31.47.0-255,66,299,87,557
573,0.006272,172.31.47.0-255,157,456,87,557
574,0.008289,157.240.13.0-255,101,557,87,557
575,0.0,157.240.13.0-255,260,260,87,584
576,3.3e-05,172.31.47.0-255,66,326,87,584
577,0.006755,172.31.47.0-255,157,483,87,584
578,0.008616,157.240.13.0-255,101,584,87,584
579,0.0,157.240.13.0-255,260,260,87,584
580,2.3e-05,172.31.47.0-255,66,326,87,584
581,0.005184,172.31.47.0-255,157,483,87,584
582,0.007476,157.240.13.0-255,101,584,87,584
583,0.0,31.13.82.0-255,101,101,87,167
584,2.4e-05,172.31.47.0-255,66,167,87,167
585,0.0,31.13.82.0-255,101,101,87,167
586,2.2e-05,172.31.47.0-255,66,167,87,167
587,0.0,157.240.13.0-255,232,232,87,556
588,1.7e-05,172.31.47.0-255,66,298,87,556
589,0.00813,172.31.47.0-255,157,455,87,556
590,0.010359,157.240.13.0-255,101,556,87,556
591,0.0,157.240.7.0-255,66,66,87,66
592,0.0,157.240.13.0-255,230,230,87,554
593,1.7e-05,172.31.47.0-255,66,296,87,554
594,0.007064,172.31.47.0-255,157,453,87,554
595,0.009813,157.240.13.0-255,101,554,87,554
596,0.0,31.13.82.0-255,74,74,87,739
597,3.5e-05,172.31.47.0-255,66,140,87,739
598,0.00152,172.31.47.0-255,599,739,87,739
599,0.0,157.240.13.0-255,260,260,87,584
600,2.2e-05,172.31.47.0-255,66,326,87,584
601,0.011622,172.31.47.0-255,157,483,87,584
602,0.013928,157.240.13.0-255,101,584,87,584
603,0.0,157.240.13.0-255,258,258,87,582
604,3.5e-05,172.31.47.0-255,66,324,87,582
605,0.014623,172.31.47.0-255,157,481,87,582
606,0.016809,157.240.13.0-255,101,582,87,582
607,0.0,157.240.13.0-255,66,66,87,66
608,0.0,31.13.82.0-255,74,74,87,753
609,2.8e-05,172.31.47.0-255,66,140,87,753
610,0.002018,172.31.47.0-255,613,753,87,753
611,0.0,31.13.82.0-255,101,101,87,167
612,1.4e-05,172.31.47.0-255,66,167,87,167
613,0.0,31.13.82.0-255,101,101,87,167
614,1.7e-05,172.31.47.0-255,66,167,87,167
615,0.0,31.13.82.0-255,74,74,87,739
616,2.1e-05,172.31.47.0-255,66,140,87,739
617,0.001854,172.31.47.0-255,599,739,87,739
618,0.0,31.13.82.0-255,101,101,87,167
619,2.1e-05,172.31.47.0-255,66,167,87,167
620,0.0,157.240.7.0-255,66,66,87,66
621,0.0,157.240.13.0-255,66,66,87,66
622,0.0,157.240.13.0-255,232,232,87,556
623,2.4e-05,172.31.47.0-255,66,298,87,556
624,0.007317,172.31.47.0-255,157,455,87,556
625,0.009168,157.240.13.0-255,101,556,87,556
626,0.0,157.240.13.0-255,230,230,87,554
627,1.3e-05,172.31.47.0-255,66,296,87,554
628,0.005978,172.31.47.0-255,157,453,87,554
629,0.008267,157.240.13.0-255,101,554,87,554
630,0.0,157.240.13.0-255,261,261,87,585
631,1.6e-05,172.31.47.0-255,66,327,87,585
632,0.006941,172.31.47.0-255,157,484,87,585
633,0.009225,157.240.13.0-255,101,585,87,585
634,0.0,157.240.13.0-255,66,66,87,66
635,0.0,157.240.13.0-255,257,257,87,581
636,3.1e-05,172.31.47.0-255,66,323,87,581
637,0.007403,172.31.47.0-255,157,480,87,581
638,0.009471,157.240.13.0-255,101,581,87,581
639,0.0,157.240.13.0-255,226,226,87,550
640,1.3e-05,172.31.47.0-255,66,292,87,550
641,0.013928,172.31.47.0-255,157,449,87,550
642,0.015953,157.240.13.0-255,101,550,87,550
643,0.0,31.13.82.0-255,101,101,87,167
644,1.9e-05,172.31.47.0-255,66,167,87,167
645,0.0,157.240.13.0-255,262,262,87,586
646,3.4e-05,172.31.47.0-255,66,328,87,586
647,0.007264,172.31.47.0-255,157,485,87,586
648,0.0097,157.240.13.0-255,101,586,87,586
649,0.0,31.13.82.0-255,74,74,87,739
650,4.5e-05,172.31.47.0-255,66,140,87,739
651,0.001695,172.31.47.0-255,599,739,87,739
652,0.0,157.240.13.0-255,230,230,87,554
653,1.2e-05,172.31.47.0-255,66,296,87,554
654,0.008338,172.31.47.0-255,157,453,87,554
655,0.01028,157.240.13.0-255,101,554,87,554
656,0.0,31.13.82.0-255,101,101,87,167
657,2e-05,172.31.47.0-255,66,167,87,167
658,0.0,31.13.82.0-255,101,101,87,167
659,2e-05,172.31.47.0-255,66,167,87,167
660,0.0,31.13.82.0-255,101,101,87,167
661,2.1e-05,172.31.47.0-255,66,167,87,167
662,0.0,157.240.13.0-255,263,263,87,587
663,2.4e-05,172.31.47.0-255,66,329,87,587
664,0.006606,172.31.47.0-255,157,486,87,587
665,0.008951,157.240.13.0-255,101,587,87,587
666,0.0,157.240.13.0-255,261,261,87,585
667,2.5e-05,172.31.47.0-255,66,327,87,585
668,0.008669,172.31.47.0-255,157,484,87,585
669,0.010944,157.240.13.0-255,101,585,87,585
670,0.0,157.240.13.0-255,261,261,87,585
671,2.9e-05,172.31.47.0-255,66,327,87,585
672,0.009723,172.31.47.0-255,157,484,87,585
673,0.012032,157.240.13.0-255,101,585,87,585
674,0.0,157.240.13.0-255,231,231,87,555
675,1.5e-05,172.31.47.0-255,66,297,87,555
676,0.007156,172.31.47.0-255,157,454,87,555
677,0.009243,157.240.13.0-255,101,555,87,555
678,0.0,157.240.13.0-255,259,259,87,583
679,2e-05,172.31.47.0-255,66,325,87,583
680,0.007131,172.31.47.0-255,157,482,87,583
681,0.009205,157.240.13.0-255,101,583,87,583
682,0.0,157.240.13.0-255,233,233,87,557
683,1.1e-05,172.31.47.0-255,66,299,87,557
684,0.007738,172.31.47.0-255,157,456,87,557
685,0.009717,157.240.13.0-255,101,557,87,557
686,0.0,157.240.13.0-255,260,260,87,584
687,2.1e-05,172.31.47.0-255,66,326,87,584
688,0.013396,172.31.47.0-255,157,483,87,584
689,0.015247,157.240.13.0-255,101,584,87,584
690,0.0,157.240.13.0-255,260,260,87,584
691,3.5e-05,172.31.47.0-255,66,326,87,584
692,0.007654,172.31.47.0-255,157,483,87,584
693,0.009911,157.240.13.0-255,101,584,87,584
694,0.0,172.31.47.0-255,66,66,87,132
695,0.003375,157.240.13.0-255,66,132,87,132
696,0.0,157.240.13.0-255,260,260,87,584
697,1.9e-05,172.31.47.0-255,66,326,87,584
698,0.005618,172.31.47.0-255,157,483,87,584
699,0.007651,157.240.13.0-255,101,584,87,584
700,0.0,31.13.82.0-255,101,101,87,167
701,1.8e-05,172.31.47.0-255,66,167,87,167
702,0.0,31.13.82.0-255,101,101,87,167
703,1.9e-05,172.31.47.0-255,66,167,87,167
704,0.0,31.13.82.0-255,101,101,87,167
705,2.2e-05,172.31.47.0-255,66,167,87,167
706,0.0,31.13.82.0-255,101,101,87,167
707,2.4e-05,172.31.47.0-255,66,167,87,167
708,0.0,157.240.13.0-255,66,66,87,66
709,0.0,157.240.13.0-255,271,271,87,595
710,2.4e-05,172.31.47.0-255,66,337,87,595
711,0.007875,172.31.47.0-255,157,494,87,595
712,0.010179,157.240.13.0-255,101,595,87,595
713,0.0,157.240.13.0-255,227,227,87,657
714,1.5e-05,172.31.47.0-255,66,293,87,657
715,0.007484,172.31.47.0-255,263,556,87,657
716,0.009169,157.240.13.0-255,101,657,87,657
717,0.0,31.13.82.0-255,101,101,87,167
718,1.8e-05,172.31.47.0-255,66,167,87,167
719,0.0,172.31.47.0-255,66,66,87,132
720,0.001563,157.240.13.0-255,66,132,87,132
721,0.0,157.240.13.0-255,229,229,87,553
722,1.1e-05,172.31.47.0-255,66,295,87,553
723,0.004826,172.31.47.0-255,157,452,87,553
724,0.006785,157.240.13.0-255,101,553,87,553
725,0.0,157.240.7.0-255,66,66,87,66
726,0.0,157.240.13.0-255,229,229,87,553
727,9e-06,172.31.47.0-255,66,295,87,553
728,0.006394,172.31.47.0-255,157,452,87,553
729,0.008697,157.240.13.0-255,101,553,87,553
730,0.0,157.240.13.0-255,234,234,87,558
731,8e-06,172.31.47.0-255,66,300,87,558
732,0.007711,172.31.47.0-255,157,457,87,558
733,0.010092,157.240.13.0-255,101,558,87,558
734,0.0,157.240.13.0-255,232,232,87,556
735,1e-05,172.31.47.0-255,66,298,87,556
736,0.00776,172.31.47.0-255,157,455,87,556
737,0.00994,157.240.13.0-255,101,556,87,556
738,0.0,157.240.13.0-255,231,231,87,555
739,2e-05,172.31.47.0-255,66,297,87,555
740,0.005316,172.31.47.0-255,157,454,87,555
741,0.006948,157.240.13.0-255,101,555,87,555
742,0.0,31.13.82.0-255,101,101,87,167
743,2.2e-05,172.31.47.0-255,66,167,87,167
744,0.0,157.240.13.0-255,231,231,87,555
745,9e-06,172.31.47.0-255,66,297,87,555
746,0.007091,172.31.47.0-255,157,454,87,555
747,0.00869,157.240.13.0-255,101,555,87,555
748,0.0,157.240.13.0-255,230,230,87,554
749,1e-05,172.31.47.0-255,66,296,87,554
750,0.006998,172.31.47.0-255,157,453,87,554
751,0.00919,157.240.13.0-255,101,554,87,554
752,0.0,157.240.13.0-255,230,230,87,554
753,8e-06,172.31.47.0-255,66,296,87,554
754,0.006805,172.31.47.0-255,157,453,87,554
755,0.009193,157.240.13.0-255,101,554,87,554
756,0.0,157.240.13.0-255,260,260,87,584
757,2.5e-05,172.31.47.0-255,66,326,87,584
758,0.007122,172.31.47.0-255,157,483,87,584
759,0.009394,157.240.13.0-255,101,584,87,584
760,0.0,31.13.82.0-255,101,101,87,167
761,1.5e-05,172.31.47.0-255,66,167,87,167
762,0.0,157.240.13.0-255,233,233,87,557
763,9e-06,172.31.47.0-255,66,299,87,557
764,0.007463,172.31.47.0-255,157,456,87,557
765,0.009483,157.240.13.0-255,101,557,87,557
766,0.0,157.240.7.0-255,66,66,87,66
767,0.0,157.240.13.0-255,261,261,87,585
768,3e-05,172.31.47.0-255,66,327,87,585
769,0.007481,172.31.47.0-255,157,484,87,585
770,0.009495,157.240.13.0-255,101,585,87,585
771,0.0,31.13.82.0-255,101,101,87,167
772,2.1e-05,172.31.47.0-255,66,167,87,167
773,0.0,157.240.13.0-255,230,230,87,554
774,9e-06,172.31.47.0-255,66,296,87,554
775,0.006969,172.31.47.0-255,157,453,87,554
776,0.008913,157.240.13.0-255,101,554,87,554
777,0.0,31.13.82.0-255,74,74,87,739
778,3e-05,172.31.47.0-255,66,140,87,739
779,0.00167,172.31.47.0-255,599,739,87,739
780,0.0,31.13.82.0-255,101,101,87,167
781,1.2e-05,172.31.47.0-255,66,167,87,167
782,0.0,157.240.7.0-255,66,66,87,66
783,0.0,31.13.82.0-255,74,74,87,739
784,3e-05,172.31.47.0-255,66,140,87,739
785,0.001982,172.31.47.0-255,599,739,87,739
786,0.0,157.240.13.0-255,262,262,87,586
787,2.8e-05,172.31.47.0-255,66,328,87,586
788,0.007326,172.31.47.0-255,157,485,87,586
789,0.009616,157.240.13.0-255,101,586,87,586
790,0.0,31.13.82.0-255,101,101,87,167
791,1.1e-05,172.31.47.0-255,66,167,87,167
792,0.0,31.13.82.0-255,101,101,87,167
793,1.4e-05,172.31.47.0-255,66,167,87,167
794,0.0,157.240.13.0-255,260,260,87,584
795,1.3e-05,172.31.47.0-255,66,326,87,584
796,0.010237,172.31.47.0-255,157,483,87,584
797,0.012558,157.240.13.0-255,101,584,87,584
798,0.0,157.240.13.0-255,256,256,87,580
799,1.6e-05,172.31.47.0-255,66,322,87,580
800,0.008409,172.31.47.0-255,157,479,87,580
801,0.010429,157.240.13.0-255,101,580,87,580
802,0.0,157.240.7.0-255,66,66,87,66
803,0.0,31.13.82.0-255,101,101,87,167
804,2e-05,172.31.47.0-255,66,167,87,167
805,0.0,157.240.13.0-255,66,66,87,66
806,0.0,172.31.47.0-255,66,66,87,132
807,0.036553,157.240.7.0-255,66,132,87,132
808,0.0,31.13.82.0-255,101,101,87,167
809,2e-05,172.31.47.0-255,66,167,87,167
810,0.0,157.240.13.0-255,261,261,87,585
811,3e-05,172.31.47.0-255,66,327,87,585
812,0.008341,172.31.47.0-255,157,484,87,585
813,0.010677,157.240.13.0-255,101,585,87,585
814,0.0,157.240.13.0-255,260,260,87,584
815,1.6e-05,172.31.47.0-255,66,326,87,584
816,0.008853,172.31.47.0-255,157,483,87,584
817,0.01113,157.240.13.0-255,101,584,87,584
818,0.0,157.240.13.0-255,66,66,87,66
819,0.0,157.240.7.0-255,66,66,87,66
820,0.0,157.240.13.0-255,232,232,87,556
821,1.7e-05,172.31.47.0-255,66,298,87,556
822,0.010391,172.31.47.0-255,157,455,87,556
823,0.012045,157.240.13.0-255,101,556,87,556
824,0.0,157.240.13.0-255,234,234,87,558
825,1.6e-05,172.31.47.0-255,66,300,87,558
826,0.007493,172.31.47.0-255,157,457,87,558
827,0.009429,157.240.13.0-255,101,558,87,558
828,0.0,157.240.13.0-255,261,261,87,669
829,2.3e-05,172.31.47.0-255,66,327,87,669
830,0.009346,172.31.47.0-255,241,568,87,669
831,0.011696,157.240.13.0-255,101,669,87,669
832,0.0,157.240.13.0-255,231,231,87,555
833,2.8e-05,172.31.47.0-255,66,297,87,555
834,0.007495,172.31.47.0-255,157,454,87,555
835,0.009815,157.240.13.0-255,101,555,87,555
836,0.0,157.240.13.0-255,230,230,87,554
837,1.2e-05,172.31.47.0-255,66,296,87,554
838,0.006075,172.31.47.0-255,157,453,87,554
839,0.008057,157.240.13.0-255,101,554,87,554
840,0.0,31.13.82.0-255,74,74,87,739
841,3.2e-05,172.31.47.0-255,66,140,87,739
842,0.001819,172.31.47.0-255,599,739,87,739
843,0.0,172.31.47.0-255,66,66,87,66
844,0.0,157.240.13.0-255,261,261,87,636
845,2.4e-05,172.31.47.0-255,66,327,87,636
846,0.007548,172.31.47.0-255,208,535,87,636
847,0.009533,157.240.13.0-255,101,636,87,636
848,0.0,157.240.13.0-255,232,232,87,556
849,1.4e-05,172.31.47.0-255,66,298,87,556
850,0.008769,172.31.47.0-255,157,455,87,556
851,0.010775,157.240.13.0-255,101,556,87,556
852,0.0,157.240.13.0-255,229,229,87,553
853,8e-06,172.31.47.0-255,66,295,87,553
854,0.006895,172.31.47.0-255,157,452,87,553
855,0.009176,157.240.13.0-255,101,553,87,553
856,0.0,157.240.13.0-255,260,260,87,584
857,1.4e-05,172.31.47.0-255,66,326,87,584
858,0.009341,172.31.47.0-255,157,483,87,584
859,0.011615,157.240.13.0-255,101,584,87,584
860,0.0,31.13.82.0-255,101,101,87,167
861,1.8e-05,172.31.47.0-255,66,167,87,167
862,0.0,31.13.82.0-255,101,101,87,167
863,1.1e-05,172.31.47.0-255,66,167,87,167
864,0.0,31.13.82.0-255,101,101,87,167
865,2.4e-05,172.31.47.0-255,66,167,87,167
866,0.0,157.240.13.0-255,232,232,87,556
867,9e-06,172.31.47.0-255,66,298,87,556
868,0.005127,172.31.47.0-255,157,455,87,556
869,0.007404,157.240.13.0-255,101,556,87,556
870,0.0,31.13.82.0-255,101,101,87,167
871,1.8e-05,172.31.47.0-255,66,167,87,167
872,0.0,157.240.13.0-255,228,228,87,552
873,1.1e-05,172.31.47.0-255,66,294,87,552
874,0.007026,172.31.47.0-255,157,451,87,552
875,0.009265,157.240.13.0-255,101,552,87,552
876,0.0,157.240.13.0-255,261,261,87,585
877,2.7e-05,172.31.47.0-255,66,327,87,585
878,0.006764,172.31.47.0-255,157,484,87,585
879,0.009078,157.240.13.0-255,101,585,87,585
880,0.0,31.13.82.0-255,101,101,87,167
881,1.3e-05,172.31.47.0-255,66,167,87,167
882,0.0,31.13.82.0-255,101,101,87,167
883,2.4e-05,172.31.47.0-255,66,167,87,167
884,0.0,31.13.82.0-255,101,101,87,167
885,1.9e-05,172.31.47.0-255,66,167,87,167
886,0.0,157.240.13.0-255,260,260,87,584
887,4.4e-05,172.31.47.0-255,66,326,87,584
888,0.010089,172.31.47.0-255,157,483,87,584
889,0.012443,157.240.13.0-255,101,584,87,584
890,0.0,31.13.82.0-255,74,74,87,739
891,2.8e-05,172.31.47.0-255,66,140,87,739
892,0.001827,172.31.47.0-255,599,739,87,739
893,0.0,31.13.82.0-255,101,101,87,167
894,2.7e-05,172.31.47.0-255,66,167,87,167
895,0.0,31.13.82.0-255,101,101,87,167
896,2.2e-05,172.31.47.0-255,66,167,87,167
897,0.0,157.240.13.0-255,232,232,87,556
898,2.1e-05,172.31.47.0-255,66,298,87,556
899,0.005421,172.31.47.0-255,157,455,87,556
900,0.007534,157.240.13.0-255,101,556,87,556
901,0.0,157.240.13.0-255,260,260,87,584
902,2.9e-05,172.31.47.0-255,66,326,87,584
903,0.007744,172.31.47.0-255,157,483,87,584
904,0.01004,157.240.13.0-255,101,584,87,584
905,0.0,157.240.13.0-255,261,261,87,585
906,2.7e-05,172.31.47.0-255,66,327,87,585
907,0.005982,172.31.47.0-255,157,484,87,585
908,0.008317,157.240.13.0-255,101,585,87,585
909,0.0,31.13.82.0-255,101,101,87,167
910,1.9e-05,172.31.47.0-255,66,167,87,167
911,0.0,157.240.13.0-255,260,260,87,584
912,2.4e-05,172.31.47.0-255,66,326,87,584
913,0.007362,172.31.47.0-255,157,483,87,584
914,0.009674,157.240.13.0-255,101,584,87,584
915,0.0,157.240.13.0-255,66,66,87,66
916,0.0,157.240.13.0-255,260,260,87,584
917,2.4e-05,172.31.47.0-255,66,326,87,584
918,0.005306,172.31.47.0-255,157,483,87,584
919,0.007587,157.240.13.0-255,101,584,87,584
920,0.0,157.240.13.0-255,260,260,87,584
921,3.4e-05,172.31.47.0-255,66,326,87,584
922,0.007176,172.31.47.0-255,157,483,87,584
923,0.009184,157.240.13.0-255,101,584,87,584
924,0.0,31.13.82.0-255,101,101,87,167
925,2.1e-05,172.31.47.0-255,66,167,87,167
926,0.0,157.240.13.0-255,261,261,87,585
927,5.3e-05,172.31.47.0-255,66,327,87,585
928,0.009073,172.31.47.0-255,157,484,87,585
929,0.011321,157.240.13.0-255,101,585,87,585
930,0.0,31.13.82.0-255,101,101,87,167
931,1.1e-05,172.31.47.0-255,66,167,87,167
932,0.0,31.13.82.0-255,101,101,87,167
933,1.1e-05,172.31.47.0-255,66,167,87,167
934,0.0,31.13.82.0-255,101,101,87,167
935,2.8e-05,172.31.47.0-255,66,167,87,167
936,0.0,31.13.82.0-255,101,101,87,167
937,2e-05,172.31.47.0-255,66,167,87,167
938,0.0,172.31.47.0-255,66,66,87,66
939,0.0,157.240.13.0-255,260,260,87,584
940,2.9e-05,172.31.47.0-255,66,326,87,584
941,0.009391,172.31.47.0-255,157,483,87,584
942,0.011678,157.240.13.0-255,101,584,87,584
943,0.0,157.240.13.0-255,261,261,87,585
944,2.5e-05,172.31.47.0-255,66,327,87,585
945,0.0071,172.31.47.0-255,157,484,87,585
946,0.009379,157.240.13.0-255,101,585,87,585
947,0.0,157.240.13.0-255,231,231,87,555
948,9e-06,172.31.47.0-255,66,297,87,555
949,0.006142,172.31.47.0-255,157,454,87,555
950,0.008121,157.240.13.0-255,101,555,87,555
951,0.0,157.240.13.0-255,259,259,87,583
952,2.8e-05,172.31.47.0-255,66,325,87,583
953,0.008577,172.31.47.0-255,157,482,87,583
954,0.010885,157.240.13.0-255,101,583,87,583
955,0.0,31.13.82.0-255,74,74,87,739
956,2.9e-05,172.31.47.0-255,66,140,87,739
957,0.001356,172.31.47.0-255,599,739,87,739
958,0.0,31.13.82.0-255,74,74,87,739
959,2.8e-05,172.31.47.0-255,66,140,87,739
960,0.001673,172.31.47.0-255,599,739,87,739
961,0.0,31.13.82.0-255,101,101,87,167
962,1.9e-05,172.31.47.0-255,66,167,87,167
963,0.0,157.240.13.0-255,262,262,87,586
964,3.2e-05,172.31.47.0-255,66,328,87,586
965,0.006571,172.31.47.0-255,157,485,87,586
966,0.008246,157.240.13.0-255,101,586,87,586
967,0.0,31.13.82.0-255,74,74,87,739
968,3.9e-05,172.31.47.0-255,66,140,87,739
969,0.001612,172.31.47.0-255,599,739,87,739
970,0.0,157.240.13.0-255,260,260,87,584
971,2.1e-05,172.31.47.0-255,66,326,87,584
972,0.008486,172.31.47.0-255,157,483,87,584
973,0.011524,157.240.13.0-255,101,584,87,584
974,0.0,31.13.82.0-255,101,101,87,167
975,1.9e-05,172.31.47.0-255,66,167,87,167
976,0.0,157.240.7.0-255,66,66,87,66
977,0.0,31.13.82.0-255,101,101,87,167
978,1.4e-05,172.31.47.0-255,66,167,87,167
979,0.0,157.240.13.0-255,261,261,87,585
980,3.1e-05,172.31.47.0-255,66,327,87,585
981,0.00625,172.31.47.0-255,157,484,87,585
982,0.008263,157.240.13.0-255,101,585,87,585
983,0.0,31.13.82.0-255,101,101,87,167
984,2.2e-05,172.31.47.0-255,66,167,87,167
985,0.0,157.240.13.0-255,260,260,87,584
986,1.5e-05,172.31.47.0-255,66,326,87,584
987,0.007012,172.31.47.0-255,157,483,87,584
988,0.00931,157.240.13.0-255,101,584,87,584
989,0.0,31.13.82.0-255,74,74,87,739
990,4e-05,172.31.47.0-255,66,140,87,739
991,0.002191,172.31.47.0-255,599,739,87,739
992,0.0,157.240.13.0-255,259,259,87,583
993,3.2e-05,172.31.47.0-255,66,325,87,583
994,0.008175,172.31.47.0-255,157,482,87,583
995,0.010227,157.240.13.0-255,101,583,87,583
996,0.0,157.240.13.0-255,261,261,87,585
997,2.9e-05,172.31.47.0-255,66,327,87,585
998,0.006411,172.31.47.0-255,157,484,87,585
999,0.008594,157.240.13.0-255,101,585,87,585
1000,0.0,157.240.13.0-255,261,261,87,585
1001,3.4e-05,172.31.47.0-255,66,327,87,585
1002,0.009064,172.31.47.0-255,157,484,87,585
1003,0.011425,157.240.13.0-255,101,585,87,585
1004,0.0,31.13.82.0-255,101,101,87,167
1005,2.5e-05,172.31.47.0-255,66,167,87,167
1006,0.0,157.240.13.0-255,259,259,87,583
1007,2.8e-05,172.31.47.0-255,66,325,87,583
1008,0.006541,172.31.47.0-255,157,482,87,583
1009,0.008824,157.240.13.0-255,101,583,87,583
1010,0.0,157.240.13.0-255,260,260,87,584
1011,1.8e-05,172.31.47.0-255,66,326,87,584
1012,0.005883,172.31.47.0-255,157,483,87,584
1013,0.007837,157.240.13.0-255,101,584,87,584
1014,0.0,31.13.82.0-255,101,101,87,167
1015,2.6e-05,172.31.47.0-255,66,167,87,167
1016,0.0,157.240.13.0-255,230,230,87,554
1017,1.2e-05,172.31.47.0-255,66,296,87,554
1018,0.006706,172.31.47.0-255,157,453,87,554
1019,0.008902,157.240.13.0-255,101,554,87,554
1020,0.0,31.13.82.0-255,101,101,87,167
1021,3.7e-05,172.31.47.0-255,66,167,87,167
1022,0.0,31.13.82.0-255,101,101,87,167
1023,2.1e-05,172.31.47.0-255,66,167,87,167
1024,0.0,157.240.13.0-255,230,230,87,554
1025,1.2e-05,172.31.47.0-255,66,296,87,554
1026,0.006026,172.31.47.0-255,157,453,87,554
1027,0.008054,157.240.13.0-255,101,554,87,554
1028,0.0,31.13.82.0-255,101,101,87,167
1029,1.1e-05,172.31.47.0-255,66,167,87,167
1030,0.0,157.240.13.0-255,233,233,87,557
1031,1.6e-05,172.31.47.0-255,66,299,87,557
1032,0.006688,172.31.47.0-255,157,456,87,557
1033,0.009492,157.240.13.0-255,101,557,87,557
1034,0.0,31.13.82.0-255,101,101,87,167
1035,1.5e-05,172.31.47.0-255,66,167,87,167
1036,0.0,31.13.82.0-255,101,101,87,167
1037,1.8e-05,172.31.47.0-255,66,167,87,167
1038,0.0,157.240.13.0-255,231,231,87,555
1039,1.2e-05,172.31.47.0-255,66,297,87,555
1040,0.007028,172.31.47.0-255,157,454,87,555
1041,0.009035,157.240.13.0-255,101,555,87,555
1042,0.0,157.240.13.0-255,233,233,87,557
1043,2e-05,172.31.47.0-255,66,299,87,557
1044,0.008798,172.31.47.0-255,157,456,87,557
1045,0.010905,157.240.13.0-255,101,557,87,557
1046,0.0,157.240.13.0-255,231,231,87,555
1047,1.9e-05,172.31.47.0-255,66,297,87,555
1048,0.008093,172.31.47.0-255,157,454,87,555
1049,0.010139,157.240.13.0-255,101,555,87,555
1050,0.0,157.240.13.0-255,235,235,87,559
1051,1e-05,172.31.47.0-255,66,301,87,559
1052,0.007867,172.31.47.0-255,157,458,87,559
1053,0.009593,157.240.13.0-255,101,559,87,559
1054,0.0,31.13.82.0-255,101,101,87,167
1055,1.8e-05,172.31.47.0-255,66,167,87,167
1056,0.0,157.240.13.0-255,231,231,87,555
1057,1.2e-05,172.31.47.0-255,66,297,87,555
1058,0.007687,172.31.47.0-255,157,454,87,555
1059,0.009761,157.240.13.0-255,101,555,87,555
1060,0.0,31.13.82.0-255,101,101,87,167
1061,2.5e-05,172.31.47.0-255,66,167,87,167
1062,0.0,31.13.82.0-255,101,101,87,167
1063,1.9e-05,172.31.47.0-255,66,167,87,167
1064,0.0,31.13.82.0-255,101,101,87,167
1065,2.2e-05,172.31.47.0-255,66,167,87,167
1066,0.0,31.13.82.0-255,74,74,87,739
1067,3.6e-05,172.31.47.0-255,66,140,87,739
1068,0.001665,172.31.47.0-255,599,739,87,739
1069,0.0,157.240.13.0-255,233,233,87,557
1070,1.5e-05,172.31.47.0-255,66,299,87,557
1071,0.006404,172.31.47.0-255,157,456,87,557
1072,0.00842,157.240.13.0-255,101,557,87,557
1073,0.0,157.240.7.0-255,319,319,87,613
1074,3.2e-05,172.31.47.0-255,66,385,87,613
1075,0.005481,172.31.47.0-255,228,613,87,613
1076,0.0,157.240.13.0-255,232,232,87,556
1077,1.6e-05,172.31.47.0-255,66,298,87,556
1078,0.007104,172.31.47.0-255,157,455,87,556
1079,0.009183,157.240.13.0-255,101,556,87,556
1080,0.0,31.13.82.0-255,101,101,87,167
1081,2.2e-05,172.31.47.0-255,66,167,87,167
1082,0.0,157.240.13.0-255,232,232,87,556
1083,9e-06,172.31.47.0-255,66,298,87,556
1084,0.008665,172.31.47.0-255,157,455,87,556
1085,0.01099,157.240.13.0-255,101,556,87,556
1086,0.0,157.240.13.0-255,262,262,87,586
1087,2.5e-05,172.31.47.0-255,66,328,87,586
1088,0.005295,172.31.47.0-255,157,485,87,586
1089,0.006985,157.240.13.0-255,101,586,87,586
1090,0.0,172.31.47.0-255,66,66,87,66
1091,0.0,157.240.13.0-255,258,258,87,582
1092,2.6e-05,172.31.47.0-255,66,324,87,582
1093,0.006702,172.31.47.0-255,157,481,87,582
1094,0.008673,157.240.13.0-255,101,582,87,582
1095,0.0,31.13.82.0-255,101,101,87,167
1096,1.8e-05,172.31.47.0-255,66,167,87,167
1097,0.0,157.240.13.0-255,271,271,87,595
1098,3.1e-05,172.31.47.0-255,66,337,87,595
1099,0.007306,172.31.47.0-255,157,494,87,595
1100,0.00955,157.240.13.0-255,101,595,87,595
1101,0.0,31.13.82.0-255,101,101,87,167
1102,2.6e-05,172.31.47.0-255,66,167,87,167
1103,0.0,157.240.13.0-255,227,227,87,551
1104,1.3e-05,172.31.47.0-255,66,293,87,551
1105,0.006503,172.31.47.0-255,157,450,87,551
1106,0.008635,157.240.13.0-255,101,551,87,551
1107,0.0,31.13.82.0-255,101,101,87,167
1108,1.5e-05,172.31.47.0-255,66,167,87,167
