,TIME,SRC,PACKET_SIZE,CUMULATIVE_PACKET_SIZE,PAGE_NUMBER,TOTAL_PACKET_SIZE
0,0.0,104.244.42.0-255,66,66,79,198
1,0.017569,31.13.82.0-255,66,132,79,198
2,0.020743,31.13.82.0-255,66,198,79,198
3,0.0,157.240.7.0-255,66,66,79,132
4,0.010822,104.244.42.0-255,66,132,79,132
5,0.0,104.244.42.0-255,66,66,79,264
6,0.012598,31.13.82.0-255,66,132,79,264
7,0.016084,31.13.82.0-255,66,198,79,264
8,0.062184,31.13.82.0-255,66,264,79,264
9,0.0,104.244.42.0-255,66,66,79,264
10,0.019379,31.13.82.0-255,66,132,79,264
11,0.024045,31.13.82.0-255,66,198,79,264
12,0.055605,31.13.82.0-255,66,264,79,264
13,0.0,104.244.42.0-255,66,66,79,66
14,0.0,104.244.42.0-255,66,66,79,66
15,0.0,157.240.7.0-255,66,66,79,132
16,0.012658,104.244.42.0-255,66,132,79,132
17,0.0,104.244.42.0-255,66,66,79,425
18,0.005644,31.13.82.0-255,66,132,79,425
19,0.00967,31.13.82.0-255,66,198,79,425
20,0.050677,31.13.82.0-255,66,264,79,425
21,0.099635,31.13.82.0-255,95,359,79,425
22,0.099643,172.31.40.0-255,66,425,79,425
23,0.0,104.244.42.0-255,66,66,79,264
24,0.017658,31.13.82.0-255,66,132,79,264
25,0.021511,31.13.82.0-255,66,198,79,264
26,0.061688,31.13.82.0-255,66,264,79,264
27,0.0,104.244.42.0-255,66,66,79,66
28,0.0,104.244.42.0-255,66,66,79,66
29,0.0,157.240.7.0-255,66,66,79,132
30,0.023126,104.244.42.0-255,66,132,79,132
31,0.0,157.240.13.0-255,66,66,79,132
32,0.017078,104.244.42.0-255,66,132,79,132
33,0.0,104.244.42.0-255,66,66,79,449
34,0.094341,157.240.13.0-255,95,161,79,449
35,0.094352,172.31.40.0-255,66,227,79,449
36,0.099083,157.240.13.0-255,66,293,79,449
37,0.099397,172.31.40.0-255,90,383,79,449
38,0.099407,172.31.40.0-255,66,449,79,449
39,0.0,104.244.42.0-255,66,66,79,449
40,0.095966,157.240.7.0-255,95,161,79,449
41,0.095979,172.31.40.0-255,66,227,79,449
42,0.099517,157.240.7.0-255,66,293,79,449
43,0.099699,172.31.40.0-255,90,383,79,449
44,0.099709,172.31.40.0-255,66,449,79,449
45,0.0,104.244.42.0-255,66,66,79,581
46,0.095411,157.240.7.0-255,95,161,79,581
47,0.095425,172.31.40.0-255,66,227,79,581
48,0.098183,157.240.7.0-255,66,293,79,581
49,0.098529,172.31.40.0-255,90,383,79,581
50,0.098541,172.31.40.0-255,66,449,79,581
51,0.099951,157.240.7.0-255,66,515,79,581
52,0.099961,157.240.7.0-255,66,581,79,581
53,0.0,104.244.42.0-255,66,66,79,66
54,0.0,104.244.42.0-255,66,66,79,227
55,0.097695,157.240.13.0-255,95,161,79,227
56,0.097714,172.31.40.0-255,66,227,79,227
57,0.0,157.240.7.0-255,66,66,79,132
58,0.015116,104.244.42.0-255,66,132,79,132
59,0.0,104.244.42.0-255,66,66,79,264
60,0.018919,31.13.82.0-255,66,132,79,264
61,0.023379,31.13.82.0-255,66,198,79,264
62,0.055131,31.13.82.0-255,66,264,79,264
63,0.0,104.244.42.0-255,66,66,79,581
64,0.094269,157.240.13.0-255,95,161,79,581
65,0.094286,172.31.40.0-255,66,227,79,581
66,0.097071,157.240.13.0-255,66,293,79,581
67,0.097473,172.31.40.0-255,90,383,79,581
68,0.097486,172.31.40.0-255,66,449,79,581
69,0.099284,157.240.13.0-255,66,515,79,581
70,0.099297,157.240.13.0-255,66,581,79,581
71,0.0,157.240.7.0-255,66,66,79,132
72,0.010804,104.244.42.0-255,66,132,79,132
73,0.0,104.244.42.0-255,66,66,79,227
74,0.099967,157.240.13.0-255,95,161,79,227
75,0.099987,172.31.40.0-255,66,227,79,227
76,0.0,104.244.42.0-255,66,66,79,66
77,0.0,104.244.42.0-255,66,66,79,66
78,0.0,157.240.7.0-255,66,66,79,132
79,0.014272,104.244.42.0-255,66,132,79,132
80,0.0,104.244.42.0-255,66,66,79,66
81,0.0,104.244.42.0-255,66,66,79,425
82,0.005681,31.13.82.0-255,66,132,79,425
83,0.011153,31.13.82.0-255,66,198,79,425
84,0.05084,31.13.82.0-255,66,264,79,425
85,0.099799,31.13.82.0-255,95,359,79,425
86,0.099819,172.31.40.0-255,66,425,79,425
87,0.0,104.244.42.0-255,66,66,79,227
88,0.09818,157.240.7.0-255,95,161,79,227
89,0.098192,172.31.40.0-255,66,227,79,227
90,0.0,104.244.42.0-255,66,66,79,66
91,0.0,157.240.13.0-255,95,95,79,979
92,1e-05,172.31.40.0-255,66,161,79,979
93,0.005651,157.240.13.0-255,66,227,79,979
94,0.006025,172.31.40.0-255,90,317,79,979
95,0.006036,172.31.40.0-255,66,383,79,979
96,0.007454,157.240.13.0-255,66,449,79,979
97,0.007464,157.240.13.0-255,66,515,79,979
98,0.038141,104.244.42.0-255,173,688,79,979
99,0.03816,172.31.40.0-255,66,754,79,979
100,0.049758,172.31.40.0-255,159,913,79,979
101,0.051329,104.244.42.0-255,66,979,79,979
102,0.0,157.240.13.0-255,66,66,79,132
103,0.01825,104.244.42.0-255,66,132,79,132
104,0.0,104.244.42.0-255,66,66,79,227
105,0.098967,157.240.13.0-255,95,161,79,227
106,0.098982,172.31.40.0-255,66,227,79,227
107,0.0,104.244.42.0-255,66,66,79,264
108,0.01763,31.13.82.0-255,66,132,79,264
109,0.022349,31.13.82.0-255,66,198,79,264
110,0.062147,31.13.82.0-255,66,264,79,264
111,0.0,157.240.7.0-255,66,66,79,132
112,0.011718,104.244.42.0-255,66,132,79,132
113,0.0,104.244.42.0-255,66,66,79,264
114,0.01712,31.13.82.0-255,66,132,79,264
115,0.021024,31.13.82.0-255,66,198,79,264
116,0.048945,31.13.82.0-255,66,264,79,264
117,0.0,157.240.7.0-255,66,66,79,132
118,0.021408,104.244.42.0-255,66,132,79,132
119,0.0,104.244.42.0-255,66,66,79,264
120,0.016149,31.13.82.0-255,66,132,79,264
121,0.0211,31.13.82.0-255,66,198,79,264
122,0.062138,31.13.82.0-255,66,264,79,264
123,0.0,104.244.42.0-255,66,66,79,264
124,0.021823,31.13.82.0-255,66,132,79,264
125,0.026169,31.13.82.0-255,66,198,79,264
126,0.066575,31.13.82.0-255,66,264,79,264
127,0.0,104.244.42.0-255,66,66,79,581
128,0.094298,157.240.7.0-255,95,161,79,581
129,0.094317,172.31.40.0-255,66,227,79,581
130,0.097384,157.240.7.0-255,66,293,79,581
131,0.097981,172.31.40.0-255,90,383,79,581
132,0.097996,172.31.40.0-255,66,449,79,581
133,0.099685,157.240.7.0-255,66,515,79,581
134,0.099696,157.240.7.0-255,66,581,79,581
135,0.0,104.244.42.0-255,66,66,79,227
136,0.097904,157.240.13.0-255,95,161,79,227
137,0.097919,172.31.40.0-255,66,227,79,227
138,0.0,104.244.42.0-255,66,66,79,264
139,0.011073,31.13.82.0-255,66,132,79,264
140,0.015052,31.13.82.0-255,66,198,79,264
141,0.0558,31.13.82.0-255,66,264,79,264
142,0.0,104.244.42.0-255,66,66,79,264
143,0.011448,31.13.82.0-255,66,132,79,264
144,0.014527,31.13.82.0-255,66,198,79,264
145,0.05663,31.13.82.0-255,66,264,79,264
146,0.0,157.240.7.0-255,66,66,79,132
147,0.012481,104.244.42.0-255,66,132,79,132
148,0.0,104.244.42.0-255,66,66,79,331
149,0.029102,31.13.82.0-255,78,144,79,331
150,0.049342,172.31.40.0-255,121,265,79,331
151,0.064673,31.13.82.0-255,66,331,79,331
152,0.0,157.240.13.0-255,66,66,79,132
153,0.011495,104.244.42.0-255,66,132,79,132
154,0.0,104.244.42.0-255,66,66,79,647
155,0.051867,31.13.82.0-255,66,132,79,647
156,0.092704,157.240.13.0-255,95,227,79,647
157,0.092722,172.31.40.0-255,66,293,79,647
158,0.096784,157.240.13.0-255,66,359,79,647
159,0.097121,172.31.40.0-255,90,449,79,647
160,0.097131,172.31.40.0-255,66,515,79,647
161,0.099151,157.240.13.0-255,66,581,79,647
162,0.09916,157.240.13.0-255,66,647,79,647
163,0.0,104.244.42.0-255,66,66,79,264
164,0.01109,31.13.82.0-255,66,132,79,264
165,0.014113,31.13.82.0-255,66,198,79,264
166,0.054414,31.13.82.0-255,66,264,79,264
167,0.0,104.244.42.0-255,66,66,79,424
168,0.010953,31.13.82.0-255,66,132,79,424
169,0.018048,31.13.82.0-255,94,226,79,424
170,0.018055,172.31.40.0-255,66,292,79,424
171,0.056084,31.13.82.0-255,66,358,79,424
172,0.062492,31.13.82.0-255,66,424,79,424
173,0.0,157.240.7.0-255,66,66,79,132
174,0.012408,104.244.42.0-255,66,132,79,132
175,0.0,104.244.42.0-255,66,66,79,198
176,0.013053,31.13.82.0-255,66,132,79,198
177,0.015942,31.13.82.0-255,66,198,79,198
178,0.0,104.244.42.0-255,66,66,79,264
179,0.008128,31.13.82.0-255,66,132,79,264
180,0.01261,31.13.82.0-255,66,198,79,264
181,0.055158,31.13.82.0-255,66,264,79,264
182,0.0,104.244.42.0-255,66,66,79,264
183,0.011198,31.13.82.0-255,66,132,79,264
184,0.01603,31.13.82.0-255,66,198,79,264
185,0.056791,31.13.82.0-255,66,264,79,264
186,0.0,104.244.42.0-255,66,66,79,331
187,0.014877,31.13.82.0-255,78,144,79,331
188,0.032412,172.31.40.0-255,121,265,79,331
189,0.04481,31.13.82.0-255,66,331,79,331
190,0.0,104.244.42.0-255,66,66,79,264
191,0.011291,31.13.82.0-255,66,132,79,264
192,0.013613,31.13.82.0-255,66,198,79,264
193,0.057109,31.13.82.0-255,66,264,79,264
194,0.0,157.240.13.0-255,66,66,79,132
195,0.020372,104.244.42.0-255,66,132,79,132
196,0.0,104.244.42.0-255,66,66,79,66
197,0.0,104.244.42.0-255,66,66,79,581
198,0.087583,157.240.7.0-255,95,161,79,581
199,0.087592,172.31.40.0-255,66,227,79,581
200,0.095264,157.240.7.0-255,66,293,79,581
201,0.095575,172.31.40.0-255,90,383,79,581
202,0.095585,172.31.40.0-255,66,449,79,581
203,0.097651,157.240.7.0-255,66,515,79,581
204,0.097659,157.240.7.0-255,66,581,79,581
205,0.0,104.244.42.0-255,66,66,79,66
206,0.0,104.244.42.0-255,66,66,79,425
207,0.003808,31.13.82.0-255,66,132,79,425
208,0.008812,31.13.82.0-255,66,198,79,425
209,0.0483,31.13.82.0-255,66,264,79,425
210,0.097064,31.13.82.0-255,95,359,79,425
211,0.097082,172.31.40.0-255,66,425,79,425
212,0.0,157.240.7.0-255,66,66,79,132
213,0.014869,104.244.42.0-255,66,132,79,132
214,0.0,104.244.42.0-255,66,66,79,264
215,0.010958,31.13.82.0-255,66,132,79,264
216,0.015153,31.13.82.0-255,66,198,79,264
217,0.058386,31.13.82.0-255,66,264,79,264
218,0.0,157.240.13.0-255,66,66,79,132
219,0.011154,104.244.42.0-255,66,132,79,132
220,0.0,104.244.42.0-255,66,66,79,66
221,0.0,157.240.7.0-255,66,66,79,132
222,0.013724,104.244.42.0-255,66,132,79,132
223,0.0,104.244.42.0-255,66,66,79,581
224,0.090793,157.240.13.0-255,95,161,79,581
225,0.090812,172.31.40.0-255,66,227,79,581
226,0.096231,157.240.13.0-255,66,293,79,581
227,0.096439,172.31.40.0-255,90,383,79,581
228,0.09645,172.31.40.0-255,66,449,79,581
229,0.098197,157.240.13.0-255,66,515,79,581
230,0.098207,157.240.13.0-255,66,581,79,581
231,0.0,104.244.42.0-255,66,66,79,264
232,0.013155,31.13.82.0-255,66,132,79,264
233,0.018694,31.13.82.0-255,66,198,79,264
234,0.058611,31.13.82.0-255,66,264,79,264
235,0.0,104.244.42.0-255,66,66,79,66
236,0.0,104.244.42.0-255,66,66,79,609
237,0.012626,157.240.13.0-255,94,160,79,609
238,0.012646,172.31.40.0-255,66,226,79,609
239,0.094811,157.240.13.0-255,95,321,79,609
240,0.094825,172.31.40.0-255,66,387,79,609
241,0.098765,157.240.13.0-255,66,453,79,609
242,0.099092,172.31.40.0-255,90,543,79,609
243,0.099102,172.31.40.0-255,66,609,79,609
244,0.0,104.244.42.0-255,66,66,79,293
245,0.096266,157.240.7.0-255,95,161,79,293
246,0.096283,172.31.40.0-255,66,227,79,293
247,0.099677,157.240.7.0-255,66,293,79,293
248,0.0,104.244.42.0-255,66,66,79,264
249,0.00845,31.13.82.0-255,66,132,79,264
250,0.011194,31.13.82.0-255,66,198,79,264
251,0.063984,31.13.82.0-255,66,264,79,264
252,0.0,157.240.13.0-255,66,66,79,132
253,0.012113,104.244.42.0-255,66,132,79,132
254,0.0,104.244.42.0-255,66,66,79,264
255,0.010868,31.13.82.0-255,66,132,79,264
256,0.013436,31.13.82.0-255,66,198,79,264
257,0.051729,31.13.82.0-255,66,264,79,264
258,0.0,104.244.42.0-255,66,66,79,425
259,0.002898,31.13.82.0-255,66,132,79,425
260,0.007444,31.13.82.0-255,66,198,79,425
261,0.048367,31.13.82.0-255,66,264,79,425
262,0.096959,31.13.82.0-255,95,359,79,425
263,0.096976,172.31.40.0-255,66,425,79,425
264,0.0,157.240.13.0-255,66,66,79,264
265,0.010615,104.244.42.0-255,66,132,79,264
266,0.029445,31.13.82.0-255,66,198,79,264
267,0.034715,31.13.82.0-255,66,264,79,264
268,0.0,104.244.42.0-255,66,66,79,66
269,0.0,157.240.7.0-255,66,66,79,132
270,0.01615,104.244.42.0-255,66,132,79,132
271,0.0,157.240.7.0-255,66,66,79,132
272,0.010943,104.244.42.0-255,66,132,79,132
273,0.0,157.240.13.0-255,66,66,79,132
274,0.019775,104.244.42.0-255,66,132,79,132
275,0.0,104.244.42.0-255,66,66,79,293
276,0.061544,31.13.82.0-255,66,132,79,293
277,0.098957,157.240.13.0-255,95,227,79,293
278,0.098971,172.31.40.0-255,66,293,79,293
279,0.0,104.244.42.0-255,66,66,79,449
280,0.094907,157.240.13.0-255,95,161,79,449
281,0.094922,172.31.40.0-255,66,227,79,449
282,0.099497,157.240.13.0-255,66,293,79,449
283,0.099841,172.31.40.0-255,90,383,79,449
284,0.099852,172.31.40.0-255,66,449,79,449
285,0.0,104.244.42.0-255,66,66,79,264
286,0.009385,31.13.82.0-255,66,132,79,264
287,0.013165,31.13.82.0-255,66,198,79,264
288,0.053101,31.13.82.0-255,66,264,79,264
289,0.0,104.244.42.0-255,66,66,79,581
290,0.092736,157.240.13.0-255,95,161,79,581
291,0.092747,172.31.40.0-255,66,227,79,581
292,0.095808,157.240.13.0-255,66,293,79,581
293,0.095982,172.31.40.0-255,90,383,79,581
294,0.095991,172.31.40.0-255,66,449,79,581
295,0.097417,157.240.13.0-255,66,515,79,581
296,0.097427,157.240.13.0-255,66,581,79,581
297,0.0,104.244.42.0-255,66,66,79,227
298,0.097917,157.240.7.0-255,95,161,79,227
299,0.097935,172.31.40.0-255,66,227,79,227
300,0.0,157.240.7.0-255,66,66,79,132
301,0.01298,104.244.42.0-255,66,132,79,132
302,0.0,157.240.7.0-255,66,66,79,132
303,0.013696,104.244.42.0-255,66,132,79,132
304,0.0,157.240.13.0-255,66,66,79,132
305,0.012749,104.244.42.0-255,66,132,79,132
306,0.0,104.244.42.0-255,66,66,79,66
307,0.0,104.244.42.0-255,66,66,79,581
308,0.091503,157.240.13.0-255,95,161,79,581
309,0.091521,172.31.40.0-255,66,227,79,581
310,0.096848,157.240.13.0-255,66,293,79,581
311,0.097111,172.31.40.0-255,90,383,79,581
312,0.097121,172.31.40.0-255,66,449,79,581
313,0.098838,157.240.13.0-255,66,515,79,581
314,0.098849,157.240.13.0-255,66,581,79,581
315,0.0,104.244.42.0-255,66,66,79,227
316,0.098828,157.240.7.0-255,95,161,79,227
317,0.098845,172.31.40.0-255,66,227,79,227
318,0.0,104.244.42.0-255,66,66,79,264
319,0.016685,31.13.82.0-255,66,132,79,264
320,0.020689,31.13.82.0-255,66,198,79,264
321,0.0522,31.13.82.0-255,66,264,79,264
322,0.0,104.244.42.0-255,66,66,79,425
323,0.0063,31.13.82.0-255,66,132,79,425
324,0.011164,31.13.82.0-255,66,198,79,425
325,0.050408,31.13.82.0-255,66,264,79,425
326,0.09984,31.13.82.0-255,95,359,79,425
327,0.099859,172.31.40.0-255,66,425,79,425
328,0.0,104.244.42.0-255,66,66,79,66
329,0.0,104.244.42.0-255,66,66,79,264
330,0.009473,31.13.82.0-255,66,132,79,264
331,0.015928,31.13.82.0-255,66,198,79,264
332,0.055791,31.13.82.0-255,66,264,79,264
333,0.0,104.244.42.0-255,66,66,79,227
334,0.098126,157.240.13.0-255,95,161,79,227
335,0.098136,172.31.40.0-255,66,227,79,227
336,0.0,172.31.40.0-255,151,151,79,283
337,0.006426,157.240.7.0-255,66,217,79,283
338,0.041637,104.244.42.0-255,66,283,79,283
339,0.0,104.244.42.0-255,66,66,79,66
340,0.0,157.240.13.0-255,66,66,79,264
341,0.01438,104.244.42.0-255,66,132,79,264
342,0.029419,31.13.82.0-255,66,198,79,264
343,0.034145,31.13.82.0-255,66,264,79,264
344,0.0,104.244.42.0-255,66,66,79,264
345,0.01618,31.13.82.0-255,66,132,79,264
346,0.019528,31.13.82.0-255,66,198,79,264
347,0.06186,31.13.82.0-255,66,264,79,264
348,0.0,157.240.13.0-255,66,66,79,132
349,0.011935,104.244.42.0-255,66,132,79,132
350,0.0,104.244.42.0-255,66,66,79,66
351,0.0,104.244.42.0-255,66,66,79,264
352,0.010976,31.13.82.0-255,66,132,79,264
353,0.014187,31.13.82.0-255,66,198,79,264
354,0.06835,31.13.82.0-255,66,264,79,264
355,0.0,104.244.42.0-255,66,66,79,264
356,0.016127,31.13.82.0-255,66,132,79,264
357,0.01924,31.13.82.0-255,66,198,79,264
358,0.065023,31.13.82.0-255,66,264,79,264
359,0.0,104.244.42.0-255,66,66,79,66
360,0.0,104.244.42.0-255,66,66,79,66
361,0.0,104.244.42.0-255,66,66,79,264
362,0.016076,31.13.82.0-255,66,132,79,264
363,0.020368,31.13.82.0-255,66,198,79,264
364,0.06496,31.13.82.0-255,66,264,79,264
365,0.0,104.244.42.0-255,66,66,79,264
366,0.010272,31.13.82.0-255,66,132,79,264
367,0.016368,31.13.82.0-255,66,198,79,264
368,0.05538,31.13.82.0-255,66,264,79,264
369,0.0,104.244.42.0-255,66,66,79,227
370,0.098245,157.240.13.0-255,95,161,79,227
371,0.098255,172.31.40.0-255,66,227,79,227
372,0.0,104.244.42.0-255,66,66,79,227
373,0.097981,157.240.13.0-255,95,161,79,227
374,0.097999,172.31.40.0-255,66,227,79,227
375,0.0,104.244.42.0-255,66,66,79,581
376,0.093764,157.240.13.0-255,95,161,79,581
377,0.093782,172.31.40.0-255,66,227,79,581
378,0.095412,157.240.13.0-255,66,293,79,581
379,0.095602,172.31.40.0-255,90,383,79,581
380,0.095622,172.31.40.0-255,66,449,79,581
381,0.097322,157.240.13.0-255,66,515,79,581
382,0.097332,157.240.13.0-255,66,581,79,581
383,0.0,104.244.42.0-255,66,66,79,425
384,0.004998,31.13.82.0-255,66,132,79,425
385,0.009163,31.13.82.0-255,66,198,79,425
386,0.048521,31.13.82.0-255,66,264,79,425
387,0.099421,31.13.82.0-255,95,359,79,425
388,0.09944,172.31.40.0-255,66,425,79,425
389,0.0,104.244.42.0-255,66,66,79,227
390,0.099496,157.240.13.0-255,95,161,79,227
391,0.099514,172.31.40.0-255,66,227,79,227
392,0.0,104.244.42.0-255,66,66,79,264
393,0.020699,31.13.82.0-255,66,132,79,264
394,0.025857,31.13.82.0-255,66,198,79,264
395,0.057594,31.13.82.0-255,66,264,79,264
396,0.0,157.240.7.0-255,66,66,79,132
397,0.014509,104.244.42.0-255,66,132,79,132
398,0.0,104.244.42.0-255,66,66,79,581
399,0.090922,157.240.7.0-255,95,161,79,581
400,0.090942,172.31.40.0-255,66,227,79,581
401,0.094738,157.240.7.0-255,66,293,79,581
402,0.095051,172.31.40.0-255,90,383,79,581
403,0.095064,172.31.40.0-255,66,449,79,581
404,0.09708,157.240.7.0-255,66,515,79,581
405,0.097098,157.240.7.0-255,66,581,79,581
406,0.0,157.240.13.0-255,66,66,79,132
407,0.012132,104.244.42.0-255,66,132,79,132
408,0.0,157.240.7.0-255,66,66,79,132
409,0.013302,104.244.42.0-255,66,132,79,132
410,0.0,104.244.42.0-255,66,66,79,581
411,0.093189,157.240.7.0-255,95,161,79,581
412,0.093209,172.31.40.0-255,66,227,79,581
413,0.097808,157.240.7.0-255,66,293,79,581
414,0.098081,172.31.40.0-255,90,383,79,581
415,0.098093,172.31.40.0-255,66,449,79,581
416,0.099793,157.240.7.0-255,66,515,79,581
417,0.099802,157.240.7.0-255,66,581,79,581
418,0.0,104.244.42.0-255,66,66,79,264
419,0.016631,31.13.82.0-255,66,132,79,264
420,0.020337,31.13.82.0-255,66,198,79,264
421,0.048868,31.13.82.0-255,66,264,79,264
422,0.0,157.240.7.0-255,66,66,79,132
423,0.016829,104.244.42.0-255,66,132,79,132
424,0.0,104.244.42.0-255,66,66,79,264
425,0.008395,31.13.82.0-255,66,132,79,264
426,0.01287,31.13.82.0-255,66,198,79,264
427,0.053254,31.13.82.0-255,66,264,79,264
428,0.0,104.244.42.0-255,66,66,79,424
429,0.015713,31.13.82.0-255,66,132,79,424
430,0.019732,31.13.82.0-255,66,198,79,424
431,0.055642,31.13.82.0-255,94,292,79,424
432,0.055655,172.31.40.0-255,66,358,79,424
433,0.062659,31.13.82.0-255,66,424,79,424
434,0.0,104.244.42.0-255,66,66,79,264
435,0.019531,31.13.82.0-255,66,132,79,264
436,0.024574,31.13.82.0-255,66,198,79,264
437,0.050985,31.13.82.0-255,66,264,79,264
438,0.0,157.240.7.0-255,66,66,79,132
439,0.011347,104.244.42.0-255,66,132,79,132
440,0.0,104.244.42.0-255,66,66,79,293
441,0.062461,31.13.82.0-255,66,132,79,293
442,0.098634,157.240.13.0-255,95,227,79,293
443,0.098654,172.31.40.0-255,66,293,79,293
444,0.0,104.244.42.0-255,66,66,79,581
445,0.083854,157.240.13.0-255,95,161,79,581
446,0.083874,172.31.40.0-255,66,227,79,581
447,0.087923,157.240.13.0-255,66,293,79,581
448,0.088179,172.31.40.0-255,90,383,79,581
449,0.088192,172.31.40.0-255,66,449,79,581
450,0.089624,157.240.13.0-255,66,515,79,581
451,0.089639,157.240.13.0-255,66,581,79,581
452,0.0,104.244.42.0-255,66,66,79,264
453,0.011322,31.13.82.0-255,66,132,79,264
454,0.015135,31.13.82.0-255,66,198,79,264
455,0.056348,31.13.82.0-255,66,264,79,264
456,0.0,157.240.7.0-255,66,66,79,132
457,0.015669,104.244.42.0-255,66,132,79,132
458,0.0,104.244.42.0-255,66,66,79,227
459,0.099144,157.240.13.0-255,95,161,79,227
460,0.099158,172.31.40.0-255,66,227,79,227
461,0.0,104.244.42.0-255,66,66,79,198
462,0.018759,31.13.82.0-255,66,132,79,198
463,0.022798,31.13.82.0-255,66,198,79,198
464,0.0,104.244.42.0-255,66,66,79,264
465,0.017039,31.13.82.0-255,66,132,79,264
466,0.021018,31.13.82.0-255,66,198,79,264
467,0.049936,31.13.82.0-255,66,264,79,264
468,0.0,104.244.42.0-255,66,66,79,227
469,0.095806,157.240.13.0-255,95,161,79,227
470,0.095821,172.31.40.0-255,66,227,79,227
471,0.0,104.244.42.0-255,66,66,79,581
472,0.08458,157.240.7.0-255,95,161,79,581
473,0.084598,172.31.40.0-255,66,227,79,581
474,0.08954,157.240.7.0-255,66,293,79,581
475,0.089963,172.31.40.0-255,90,383,79,581
476,0.089977,172.31.40.0-255,66,449,79,581
477,0.09138,157.240.7.0-255,66,515,79,581
478,0.091397,157.240.7.0-255,66,581,79,581
479,0.0,104.244.42.0-255,66,66,79,227
480,0.098244,157.240.13.0-255,95,161,79,227
481,0.098263,172.31.40.0-255,66,227,79,227
482,0.0,104.244.42.0-255,66,66,79,264
483,0.00897,31.13.82.0-255,66,132,79,264
484,0.015508,31.13.82.0-255,66,198,79,264
485,0.055609,31.13.82.0-255,66,264,79,264
486,0.0,104.244.42.0-255,66,66,79,264
487,0.007488,31.13.82.0-255,66,132,79,264
488,0.010859,31.13.82.0-255,66,198,79,264
489,0.052226,31.13.82.0-255,66,264,79,264
490,0.0,157.240.7.0-255,66,66,79,132
491,0.012502,104.244.42.0-255,66,132,79,132
492,0.0,104.244.42.0-255,66,66,79,264
493,0.015736,31.13.82.0-255,66,132,79,264
494,0.018965,31.13.82.0-255,66,198,79,264
495,0.058052,31.13.82.0-255,66,264,79,264
496,0.0,104.244.42.0-255,66,66,79,264
497,0.006357,31.13.82.0-255,66,132,79,264
498,0.013118,31.13.82.0-255,66,198,79,264
499,0.05924,31.13.82.0-255,66,264,79,264
500,0.0,104.244.42.0-255,66,66,79,66
501,0.0,104.244.42.0-255,66,66,79,264
502,0.00842,31.13.82.0-255,66,132,79,264
503,0.011362,31.13.82.0-255,66,198,79,264
504,0.052577,31.13.82.0-255,66,264,79,264
505,0.0,157.240.7.0-255,66,66,79,132
506,0.010958,104.244.42.0-255,66,132,79,132
507,0.0,157.240.7.0-255,66,66,79,132
508,0.014394,104.244.42.0-255,66,132,79,132
509,0.0,157.240.13.0-255,66,66,79,132
510,0.009525,104.244.42.0-255,66,132,79,132
511,0.0,104.244.42.0-255,66,66,79,515
512,0.058079,31.13.82.0-255,66,132,79,515
513,0.093831,157.240.13.0-255,95,227,79,515
514,0.09385,172.31.40.0-255,66,293,79,515
515,0.098334,157.240.13.0-255,66,359,79,515
516,0.098639,172.31.40.0-255,90,449,79,515
517,0.098652,172.31.40.0-255,66,515,79,515
518,0.0,104.244.42.0-255,66,66,79,359
519,0.054099,31.13.82.0-255,66,132,79,359
520,0.0952,157.240.13.0-255,95,227,79,359
521,0.095215,172.31.40.0-255,66,293,79,359
522,0.099696,157.240.13.0-255,66,359,79,359
523,0.0,104.244.42.0-255,66,66,79,264
524,0.008401,31.13.82.0-255,66,132,79,264
525,0.015344,31.13.82.0-255,66,198,79,264
526,0.059444,31.13.82.0-255,66,264,79,264
527,0.0,157.240.13.0-255,66,66,79,264
528,0.012097,104.244.42.0-255,66,132,79,264
529,0.026434,31.13.82.0-255,66,198,79,264
530,0.029707,31.13.82.0-255,66,264,79,264
531,0.0,157.240.13.0-255,66,66,79,132
532,0.016337,104.244.42.0-255,66,132,79,132
533,0.0,104.244.42.0-255,66,66,79,66
534,0.0,104.244.42.0-255,66,66,79,264
535,0.023559,31.13.82.0-255,66,132,79,264
536,0.027097,31.13.82.0-255,66,198,79,264
537,0.068156,31.13.82.0-255,66,264,79,264
538,0.0,104.244.42.0-255,66,66,79,449
539,0.095338,157.240.13.0-255,95,161,79,449
540,0.095354,172.31.40.0-255,66,227,79,449
541,0.098648,157.240.13.0-255,66,293,79,449
542,0.099094,172.31.40.0-255,90,383,79,449
543,0.099106,172.31.40.0-255,66,449,79,449
544,0.0,104.244.42.0-255,66,66,79,264
545,0.017613,31.13.82.0-255,66,132,79,264
546,0.024204,31.13.82.0-255,66,198,79,264
547,0.063484,31.13.82.0-255,66,264,79,264
548,0.0,104.244.42.0-255,66,66,79,227
549,0.099838,157.240.7.0-255,95,161,79,227
550,0.099849,172.31.40.0-255,66,227,79,227
551,0.0,104.244.42.0-255,66,66,79,227
552,0.096938,157.240.7.0-255,95,161,79,227
553,0.096957,172.31.40.0-255,66,227,79,227
554,0.0,104.244.42.0-255,66,66,79,264
555,0.009814,31.13.82.0-255,66,132,79,264
556,0.014585,31.13.82.0-255,66,198,79,264
557,0.054641,31.13.82.0-255,66,264,79,264
558,0.0,104.244.42.0-255,66,66,79,227
559,0.099432,157.240.13.0-255,95,161,79,227
560,0.09945,172.31.40.0-255,66,227,79,227
561,0.0,104.244.42.0-255,66,66,79,132
562,0.06108,31.13.82.0-255,66,132,79,132
563,0.0,157.240.13.0-255,95,95,79,978
564,1.8e-05,172.31.40.0-255,66,161,79,978
565,0.002709,157.240.13.0-255,66,227,79,978
566,0.003107,172.31.40.0-255,90,317,79,978
567,0.003121,172.31.40.0-255,66,383,79,978
568,0.005119,157.240.13.0-255,66,449,79,978
569,0.005129,157.240.13.0-255,66,515,79,978
570,0.043675,104.244.42.0-255,172,687,79,978
571,0.043693,172.31.40.0-255,66,753,79,978
572,0.05628,172.31.40.0-255,159,912,79,978
573,0.057819,104.244.42.0-255,66,978,79,978
574,0.0,157.240.13.0-255,66,66,79,132
575,0.016867,104.244.42.0-255,66,132,79,132
576,0.0,104.244.42.0-255,66,66,79,66
577,0.0,157.240.7.0-255,66,66,79,132
578,0.012226,104.244.42.0-255,66,132,79,132
579,0.0,157.240.13.0-255,66,66,79,132
580,0.015132,104.244.42.0-255,66,132,79,132
581,0.0,104.244.42.0-255,66,66,79,198
582,0.008455,31.13.82.0-255,66,132,79,198
583,0.016024,31.13.82.0-255,66,198,79,198
584,0.0,104.244.42.0-255,66,66,79,264
585,0.007525,31.13.82.0-255,66,132,79,264
586,0.011742,31.13.82.0-255,66,198,79,264
587,0.053752,31.13.82.0-255,66,264,79,264
588,0.0,104.244.42.0-255,66,66,79,264
589,0.013091,31.13.82.0-255,66,132,79,264
590,0.017545,31.13.82.0-255,66,198,79,264
591,0.054995,31.13.82.0-255,66,264,79,264
592,0.0,104.244.42.0-255,66,66,79,449
593,0.09433,157.240.13.0-255,95,161,79,449
594,0.094348,172.31.40.0-255,66,227,79,449
595,0.098221,157.240.13.0-255,66,293,79,449
596,0.098558,172.31.40.0-255,90,383,79,449
597,0.09857,172.31.40.0-255,66,449,79,449
598,0.0,104.244.42.0-255,66,66,79,264
599,0.013625,31.13.82.0-255,66,132,79,264
600,0.017741,31.13.82.0-255,66,198,79,264
601,0.059728,31.13.82.0-255,66,264,79,264
602,0.0,104.244.42.0-255,66,66,79,264
603,0.018773,31.13.82.0-255,66,132,79,264
604,0.02256,31.13.82.0-255,66,198,79,264
605,0.072995,31.13.82.0-255,66,264,79,264
606,0.0,104.244.42.0-255,66,66,79,66
607,0.0,157.240.7.0-255,66,66,79,132
608,0.014289,104.244.42.0-255,66,132,79,132
609,0.0,104.244.42.0-255,66,66,79,66
610,0.0,104.244.42.0-255,66,66,79,331
611,0.031748,31.13.82.0-255,78,144,79,331
612,0.053914,172.31.40.0-255,121,265,79,331
613,0.063171,31.13.82.0-255,66,331,79,331
614,0.0,104.244.42.0-255,66,66,79,425
615,0.006123,31.13.82.0-255,66,132,79,425
616,0.010477,31.13.82.0-255,66,198,79,425
617,0.051107,31.13.82.0-255,66,264,79,425
618,0.099803,31.13.82.0-255,95,359,79,425
619,0.099818,172.31.40.0-255,66,425,79,425
620,0.0,157.240.13.0-255,66,66,79,132
621,0.016554,104.244.42.0-255,66,132,79,132
622,0.0,104.244.42.0-255,66,66,79,227
623,0.097096,157.240.7.0-255,95,161,79,227
624,0.097114,172.31.40.0-255,66,227,79,227
625,0.0,104.244.42.0-255,66,66,79,198
626,0.019166,31.13.82.0-255,66,132,79,198
627,0.023103,31.13.82.0-255,66,198,79,198
628,0.0,157.240.13.0-255,94,94,79,226
629,1.9e-05,172.31.40.0-255,66,160,79,226
630,0.010669,104.244.42.0-255,66,226,79,226
631,0.0,157.240.7.0-255,66,66,79,132
632,0.017565,104.244.42.0-255,66,132,79,132
633,0.0,104.244.42.0-255,66,66,79,449
634,0.094375,157.240.13.0-255,95,161,79,449
635,0.094393,172.31.40.0-255,66,227,79,449
636,0.099023,157.240.13.0-255,66,293,79,449
637,0.099272,172.31.40.0-255,90,383,79,449
638,0.099284,172.31.40.0-255,66,449,79,449
639,0.0,104.244.42.0-255,66,66,79,66
640,0.0,104.244.42.0-255,66,66,79,264
641,0.01036,31.13.82.0-255,66,132,79,264
642,0.0164,31.13.82.0-255,66,198,79,264
643,0.055413,31.13.82.0-255,66,264,79,264
644,0.0,157.240.13.0-255,66,66,79,132
645,0.015087,104.244.42.0-255,66,132,79,132
646,0.0,104.244.42.0-255,66,66,79,227
647,0.095784,157.240.13.0-255,95,161,79,227
648,0.095802,172.31.40.0-255,66,227,79,227
649,0.0,104.244.42.0-255,66,66,79,66
650,0.0,157.240.7.0-255,66,66,79,132
651,0.014567,104.244.42.0-255,66,132,79,132
652,0.0,157.240.7.0-255,66,66,79,132
653,0.010617,104.244.42.0-255,66,132,79,132
654,0.0,104.244.42.0-255,66,66,79,161
655,0.097156,157.240.13.0-255,95,161,79,161
656,0.0,104.244.42.0-255,66,66,79,264
657,0.009119,31.13.82.0-255,66,132,79,264
658,0.012622,31.13.82.0-255,66,198,79,264
659,0.053371,31.13.82.0-255,66,264,79,264
660,0.0,104.244.42.0-255,66,66,79,264
661,0.017722,31.13.82.0-255,66,132,79,264
662,0.021688,31.13.82.0-255,66,198,79,264
663,0.062408,31.13.82.0-255,66,264,79,264
664,0.0,104.244.42.0-255,66,66,79,264
665,0.017982,31.13.82.0-255,66,132,79,264
666,0.021114,31.13.82.0-255,66,198,79,264
667,0.064505,31.13.82.0-255,66,264,79,264
668,0.0,104.244.42.0-255,66,66,79,227
669,0.09922,157.240.13.0-255,95,161,79,227
670,0.099235,172.31.40.0-255,66,227,79,227
671,0.0,104.244.42.0-255,66,66,79,66
672,0.0,104.244.42.0-255,66,66,79,227
673,0.095896,157.240.13.0-255,95,161,79,227
674,0.095916,172.31.40.0-255,66,227,79,227
675,0.0,172.31.40.0-255,151,151,79,283
676,0.014367,157.240.7.0-255,66,217,79,283
677,0.042043,104.244.42.0-255,66,283,79,283
678,0.0,157.240.7.0-255,66,66,79,132
679,0.014709,104.244.42.0-255,66,132,79,132
680,0.0,157.240.7.0-255,66,66,79,132
681,0.014416,104.244.42.0-255,66,132,79,132
682,0.0,31.13.82.0-255,66,66,79,647
683,0.00254,104.244.42.0-255,66,132,79,647
684,0.00411,31.13.82.0-255,66,198,79,647
685,0.048428,31.13.82.0-255,66,264,79,647
686,0.094354,31.13.82.0-255,95,359,79,647
687,0.094373,172.31.40.0-255,66,425,79,647
688,0.098414,31.13.82.0-255,66,491,79,647
689,0.098699,172.31.40.0-255,90,581,79,647
690,0.098711,172.31.40.0-255,66,647,79,647
691,0.0,157.240.7.0-255,66,66,79,132
692,0.011209,104.244.42.0-255,66,132,79,132
693,0.0,104.244.42.0-255,66,66,79,227
694,0.098365,157.240.13.0-255,95,161,79,227
695,0.098382,172.31.40.0-255,66,227,79,227
696,0.0,104.244.42.0-255,66,66,79,515
697,0.056136,31.13.82.0-255,66,132,79,515
698,0.092651,157.240.13.0-255,95,227,79,515
699,0.092668,172.31.40.0-255,66,293,79,515
700,0.097948,157.240.13.0-255,66,359,79,515
701,0.098328,172.31.40.0-255,90,449,79,515
702,0.098341,172.31.40.0-255,66,515,79,515
703,0.0,157.240.7.0-255,66,66,79,132
704,0.014037,104.244.42.0-255,66,132,79,132
705,0.0,104.244.42.0-255,66,66,79,293
706,0.066998,31.13.82.0-255,66,132,79,293
707,0.098539,157.240.13.0-255,95,227,79,293
708,0.098561,172.31.40.0-255,66,293,79,293
709,0.0,157.240.7.0-255,66,66,79,132
710,0.015154,104.244.42.0-255,66,132,79,132
711,0.0,104.244.42.0-255,66,66,79,66
712,0.0,157.240.7.0-255,66,66,79,132
713,0.015435,104.244.42.0-255,66,132,79,132
714,0.0,104.244.42.0-255,66,66,79,66
715,0.0,157.240.13.0-255,66,66,79,132
716,0.004332,104.244.42.0-255,66,132,79,132
717,0.0,104.244.42.0-255,66,66,79,198
718,0.009056,31.13.82.0-255,66,132,79,198
719,0.013454,31.13.82.0-255,66,198,79,198
720,0.0,104.244.42.0-255,66,66,79,264
721,0.011962,31.13.82.0-255,66,132,79,264
722,0.017015,31.13.82.0-255,66,198,79,264
723,0.05553,31.13.82.0-255,66,264,79,264
724,0.0,104.244.42.0-255,66,66,79,264
725,0.010605,31.13.82.0-255,66,132,79,264
726,0.013663,31.13.82.0-255,66,198,79,264
727,0.053928,31.13.82.0-255,66,264,79,264
728,0.0,104.244.42.0-255,66,66,79,66
729,0.0,104.244.42.0-255,66,66,79,264
730,0.015792,31.13.82.0-255,66,132,79,264
731,0.019908,31.13.82.0-255,66,198,79,264
732,0.060788,31.13.82.0-255,66,264,79,264
733,0.0,104.244.42.0-255,66,66,79,227
734,0.09628,157.240.13.0-255,95,161,79,227
735,0.096297,172.31.40.0-255,66,227,79,227
736,0.0,104.244.42.0-255,66,66,79,227
737,0.099511,157.240.13.0-255,95,161,79,227
738,0.09952,172.31.40.0-255,66,227,79,227
739,0.0,157.240.7.0-255,66,66,79,132
740,0.012711,104.244.42.0-255,66,132,79,132
741,0.0,104.244.42.0-255,66,66,79,264
742,0.007132,31.13.82.0-255,66,132,79,264
743,0.012696,31.13.82.0-255,66,198,79,264
744,0.053351,31.13.82.0-255,66,264,79,264
745,0.0,104.244.42.0-255,66,66,79,66
746,0.0,104.244.42.0-255,66,66,79,264
747,0.015483,31.13.82.0-255,66,132,79,264
748,0.019842,31.13.82.0-255,66,198,79,264
749,0.061001,31.13.82.0-255,66,264,79,264
750,0.0,157.240.7.0-255,66,66,79,132
751,0.018144,104.244.42.0-255,66,132,79,132
752,0.0,104.244.42.0-255,66,66,79,66
753,0.0,104.244.42.0-255,66,66,79,264
754,0.012423,31.13.82.0-255,66,132,79,264
755,0.01696,31.13.82.0-255,66,198,79,264
756,0.054296,31.13.82.0-255,66,264,79,264
757,0.0,157.240.7.0-255,66,66,79,132
758,0.012865,104.244.42.0-255,66,132,79,132
759,0.0,104.244.42.0-255,66,66,79,66
760,0.0,104.244.42.0-255,66,66,79,66
761,0.0,104.244.42.0-255,66,66,79,264
762,0.013282,31.13.82.0-255,66,132,79,264
763,0.01947,31.13.82.0-255,66,198,79,264
764,0.056679,31.13.82.0-255,66,264,79,264
765,0.0,104.244.42.0-255,66,66,79,66
766,0.0,104.244.42.0-255,66,66,79,424
767,0.01834,31.13.82.0-255,66,132,79,424
768,0.023678,31.13.82.0-255,66,198,79,424
769,0.059862,31.13.82.0-255,66,264,79,424
770,0.089985,31.13.82.0-255,94,358,79,424
771,0.089996,172.31.40.0-255,66,424,79,424
772,0.0,157.240.7.0-255,66,66,79,132
773,0.013173,104.244.42.0-255,66,132,79,132
774,0.0,157.240.7.0-255,66,66,79,132
775,0.011994,104.244.42.0-255,66,132,79,132
776,0.0,157.240.7.0-255,66,66,79,132
777,0.01316,104.244.42.0-255,66,132,79,132
778,0.0,104.244.42.0-255,66,66,79,161
779,0.099996,157.240.7.0-255,95,161,79,161
780,0.0,104.244.42.0-255,66,66,79,581
781,0.093556,157.240.7.0-255,95,161,79,581
782,0.093573,172.31.40.0-255,66,227,79,581
783,0.096553,157.240.7.0-255,66,293,79,581
784,0.097072,172.31.40.0-255,90,383,79,581
785,0.097083,172.31.40.0-255,66,449,79,581
786,0.09879,157.240.7.0-255,66,515,79,581
787,0.0988,157.240.7.0-255,66,581,79,581
788,0.0,104.244.42.0-255,66,66,79,227
789,0.095292,157.240.7.0-255,95,161,79,227
790,0.095302,172.31.40.0-255,66,227,79,227
791,0.0,104.244.42.0-255,66,66,79,66
792,0.0,104.244.42.0-255,66,66,79,264
793,0.024853,31.13.82.0-255,66,132,79,264
794,0.028719,31.13.82.0-255,66,198,79,264
795,0.055888,31.13.82.0-255,66,264,79,264
796,0.0,104.244.42.0-255,66,66,79,264
797,0.013395,31.13.82.0-255,66,132,79,264
798,0.017363,31.13.82.0-255,66,198,79,264
799,0.055852,31.13.82.0-255,66,264,79,264
800,0.0,104.244.42.0-255,66,66,79,264
801,0.017815,31.13.82.0-255,66,132,79,264
802,0.023517,31.13.82.0-255,66,198,79,264
803,0.05104,31.13.82.0-255,66,264,79,264
804,0.0,157.240.13.0-255,66,66,79,132
805,0.010548,104.244.42.0-255,66,132,79,132
806,0.0,157.240.13.0-255,66,66,79,132
807,0.009997,104.244.42.0-255,66,132,79,132
808,0.0,104.244.42.0-255,66,66,79,66
809,0.0,104.244.42.0-255,66,66,79,264
810,0.014506,31.13.82.0-255,66,132,79,264
811,0.018747,31.13.82.0-255,66,198,79,264
812,0.056612,31.13.82.0-255,66,264,79,264
813,0.0,104.244.42.0-255,66,66,79,264
814,0.017628,31.13.82.0-255,66,132,79,264
815,0.021716,31.13.82.0-255,66,198,79,264
816,0.062057,31.13.82.0-255,66,264,79,264
817,0.0,157.240.7.0-255,66,66,79,132
818,0.013501,104.244.42.0-255,66,132,79,132
819,0.0,157.240.7.0-255,66,66,79,303
820,0.003065,104.244.42.0-255,66,132,79,303
821,0.040976,31.13.82.0-255,105,237,79,303
822,0.041001,172.31.40.0-255,66,303,79,303
823,0.0,104.244.42.0-255,66,66,79,490
824,0.000151,31.13.82.0-255,66,132,79,490
825,0.018545,31.13.82.0-255,66,198,79,490
826,0.023027,31.13.82.0-255,66,264,79,490
827,0.057616,31.13.82.0-255,66,330,79,490
828,0.093378,31.13.82.0-255,94,424,79,490
829,0.093391,172.31.40.0-255,66,490,79,490
830,0.0,157.240.13.0-255,66,66,79,132
831,0.012079,104.244.42.0-255,66,132,79,132
832,0.0,104.244.42.0-255,66,66,79,227
833,0.099075,157.240.7.0-255,95,161,79,227
834,0.099082,172.31.40.0-255,66,227,79,227
835,0.0,104.244.42.0-255,66,66,79,264
836,0.006682,31.13.82.0-255,66,132,79,264
837,0.010134,31.13.82.0-255,66,198,79,264
838,0.052888,31.13.82.0-255,66,264,79,264
839,0.0,104.244.42.0-255,66,66,79,66
840,0.0,104.244.42.0-255,66,66,79,66
841,0.0,104.244.42.0-255,66,66,79,227
842,0.098089,157.240.7.0-255,95,161,79,227
843,0.098108,172.31.40.0-255,66,227,79,227
844,0.0,157.240.7.0-255,66,66,79,132
845,0.010939,104.244.42.0-255,66,132,79,132
846,0.0,104.244.42.0-255,66,66,79,449
847,0.095723,157.240.13.0-255,95,161,79,449
848,0.095742,172.31.40.0-255,66,227,79,449
849,0.099164,157.240.13.0-255,66,293,79,449
850,0.099398,172.31.40.0-255,90,383,79,449
851,0.099421,172.31.40.0-255,66,449,79,449
852,0.0,157.240.7.0-255,66,66,79,132
853,0.01402,104.244.42.0-255,66,132,79,132
854,0.0,104.244.42.0-255,66,66,79,264
855,0.011685,31.13.82.0-255,66,132,79,264
856,0.016559,31.13.82.0-255,66,198,79,264
857,0.056371,31.13.82.0-255,66,264,79,264
858,0.0,104.244.42.0-255,66,66,79,264
859,0.007311,31.13.82.0-255,66,132,79,264
860,0.011337,31.13.82.0-255,66,198,79,264
861,0.051041,31.13.82.0-255,66,264,79,264
862,0.0,104.244.42.0-255,66,66,79,581
863,0.093232,157.240.7.0-255,95,161,79,581
864,0.093247,172.31.40.0-255,66,227,79,581
865,0.096927,157.240.7.0-255,66,293,79,581
866,0.097263,172.31.40.0-255,90,383,79,581
867,0.097273,172.31.40.0-255,66,449,79,581
868,0.098687,157.240.7.0-255,66,515,79,581
869,0.098696,157.240.7.0-255,66,581,79,581
870,0.0,104.244.42.0-255,66,66,79,264
871,0.009778,31.13.82.0-255,66,132,79,264
872,0.013227,31.13.82.0-255,66,198,79,264
873,0.052454,31.13.82.0-255,66,264,79,264
874,0.0,104.244.42.0-255,66,66,79,227
875,0.097872,157.240.7.0-255,95,161,79,227
876,0.097891,172.31.40.0-255,66,227,79,227
877,0.0,104.244.42.0-255,66,66,79,264
878,0.008929,31.13.82.0-255,66,132,79,264
879,0.015121,31.13.82.0-255,66,198,79,264
880,0.057353,31.13.82.0-255,66,264,79,264
881,0.0,104.244.42.0-255,66,66,79,264
882,0.018404,31.13.82.0-255,66,132,79,264
883,0.023962,31.13.82.0-255,66,198,79,264
884,0.063588,31.13.82.0-255,66,264,79,264
885,0.0,91.189.92.0-255,1514,1514,79,29884
886,9.9e-05,91.189.92.0-255,2962,4476,79,29884
887,0.000111,172.31.40.0-255,66,4542,79,29884
888,0.000179,91.189.92.0-255,8754,13296,79,29884
889,0.000182,172.31.40.0-255,66,13362,79,29884
890,0.000215,91.189.92.0-255,11650,25012,79,29884
891,0.00022,172.31.40.0-255,66,25078,79,29884
892,0.000249,91.189.92.0-255,2962,28040,79,29884
893,0.000264,91.189.92.0-255,1514,29554,79,29884
894,0.004873,104.244.42.0-255,66,29620,79,29884
895,0.019717,31.13.82.0-255,66,29686,79,29884
896,0.023728,31.13.82.0-255,66,29752,79,29884
897,0.03319,172.31.40.0-255,66,29818,79,29884
898,0.062537,31.13.82.0-255,66,29884,79,29884
899,0.0,104.244.42.0-255,66,66,79,66
900,0.0,104.244.42.0-255,66,66,79,66
901,0.0,104.244.42.0-255,66,66,79,66
902,0.0,104.244.42.0-255,66,66,79,66
903,0.0,104.244.42.0-255,66,66,79,264
904,0.011268,31.13.82.0-255,66,132,79,264
905,0.013526,31.13.82.0-255,66,198,79,264
906,0.053743,31.13.82.0-255,66,264,79,264
907,0.0,104.244.42.0-255,66,66,79,66
908,0.0,104.244.42.0-255,66,66,79,227
909,0.099366,157.240.13.0-255,95,161,79,227
910,0.099383,172.31.40.0-255,66,227,79,227
911,0.0,104.244.42.0-255,66,66,79,358
912,0.013599,31.13.82.0-255,66,132,79,358
913,0.018045,31.13.82.0-255,66,198,79,358
914,0.037142,31.13.82.0-255,94,292,79,358
915,0.037155,172.31.40.0-255,66,358,79,358
916,0.0,157.240.7.0-255,66,66,79,132
917,0.009759,104.244.42.0-255,66,132,79,132
918,0.0,157.240.7.0-255,66,66,79,132
919,0.014649,104.244.42.0-255,66,132,79,132
920,0.0,104.244.42.0-255,66,66,79,264
921,0.02055,31.13.82.0-255,66,132,79,264
922,0.023866,31.13.82.0-255,66,198,79,264
923,0.06516,31.13.82.0-255,66,264,79,264
924,0.0,104.244.42.0-255,66,66,79,581
925,0.092465,157.240.13.0-255,95,161,79,581
926,0.092484,172.31.40.0-255,66,227,79,581
927,0.095819,157.240.13.0-255,66,293,79,581
928,0.096192,172.31.40.0-255,90,383,79,581
929,0.096204,172.31.40.0-255,66,449,79,581
930,0.09791,157.240.13.0-255,66,515,79,581
931,0.09792,157.240.13.0-255,66,581,79,581
932,0.0,157.240.13.0-255,66,66,79,132
933,0.01395,104.244.42.0-255,66,132,79,132
934,0.0,104.244.42.0-255,66,66,79,425
935,0.002525,31.13.82.0-255,66,132,79,425
936,0.006451,31.13.82.0-255,66,198,79,425
937,0.055381,31.13.82.0-255,66,264,79,425
938,0.096596,31.13.82.0-255,95,359,79,425
939,0.096606,172.31.40.0-255,66,425,79,425
940,0.0,157.240.13.0-255,66,66,79,132
941,0.019325,104.244.42.0-255,66,132,79,132
942,0.0,104.244.42.0-255,66,66,79,227
943,0.096615,157.240.7.0-255,95,161,79,227
944,0.096635,172.31.40.0-255,66,227,79,227
945,0.0,157.240.7.0-255,66,66,79,132
946,0.012741,104.244.42.0-255,66,132,79,132
947,0.0,157.240.13.0-255,66,66,79,132
948,0.01621,104.244.42.0-255,66,132,79,132
949,0.0,104.244.42.0-255,66,66,79,264
950,0.013715,31.13.82.0-255,66,132,79,264
951,0.018757,31.13.82.0-255,66,198,79,264
952,0.060045,31.13.82.0-255,66,264,79,264
953,0.0,104.244.42.0-255,66,66,79,581
954,0.091665,157.240.7.0-255,95,161,79,581
955,0.091681,172.31.40.0-255,66,227,79,581
956,0.097277,157.240.7.0-255,66,293,79,581
957,0.097487,172.31.40.0-255,90,383,79,581
958,0.097498,172.31.40.0-255,66,449,79,581
959,0.099215,157.240.7.0-255,66,515,79,581
960,0.099228,157.240.7.0-255,66,581,79,581
961,0.0,104.244.42.0-255,66,66,79,449
962,0.094051,157.240.7.0-255,95,161,79,449
963,0.094068,172.31.40.0-255,66,227,79,449
964,0.098731,157.240.7.0-255,66,293,79,449
965,0.099096,172.31.40.0-255,90,383,79,449
966,0.099108,172.31.40.0-255,66,449,79,449
967,0.0,157.240.7.0-255,66,66,79,132
968,0.008871,104.244.42.0-255,66,132,79,132
969,0.0,104.244.42.0-255,66,66,79,264
970,0.007322,31.13.82.0-255,66,132,79,264
971,0.012796,31.13.82.0-255,66,198,79,264
972,0.05133,31.13.82.0-255,66,264,79,264
973,0.0,104.244.42.0-255,66,66,79,581
974,0.092535,157.240.7.0-255,95,161,79,581
975,0.092553,172.31.40.0-255,66,227,79,581
976,0.096281,157.240.7.0-255,66,293,79,581
977,0.096779,172.31.40.0-255,90,383,79,581
978,0.096792,172.31.40.0-255,66,449,79,581
979,0.098203,157.240.7.0-255,66,515,79,581
980,0.098245,157.240.7.0-255,66,581,79,581
981,0.0,104.244.42.0-255,66,66,79,198
982,0.018629,31.13.82.0-255,66,132,79,198
983,0.022649,31.13.82.0-255,66,198,79,198
984,0.0,104.244.42.0-255,66,66,79,264
985,0.018256,31.13.82.0-255,66,132,79,264
986,0.022368,31.13.82.0-255,66,198,79,264
987,0.065086,31.13.82.0-255,66,264,79,264
988,0.0,157.240.7.0-255,66,66,79,132
989,0.013256,104.244.42.0-255,66,132,79,132
990,0.0,104.244.42.0-255,66,66,79,66
991,0.0,157.240.7.0-255,66,66,79,132
992,0.010446,104.244.42.0-255,66,132,79,132
993,0.0,104.244.42.0-255,66,66,79,264
994,0.019167,31.13.82.0-255,66,132,79,264
995,0.021912,31.13.82.0-255,66,198,79,264
996,0.048913,31.13.82.0-255,66,264,79,264
997,0.0,104.244.42.0-255,66,66,79,66
998,0.0,104.244.42.0-255,66,66,79,264
999,0.017411,31.13.82.0-255,66,132,79,264
1000,0.01751,31.13.82.0-255,66,198,79,264
1001,0.052337,31.13.82.0-255,66,264,79,264
1002,0.0,104.244.42.0-255,66,66,79,66
1003,0.0,104.244.42.0-255,66,66,79,264
1004,0.007369,31.13.82.0-255,66,132,79,264
1005,0.011629,31.13.82.0-255,66,198,79,264
1006,0.052659,31.13.82.0-255,66,264,79,264
1007,0.0,104.244.42.0-255,66,66,79,264
1008,0.016474,31.13.82.0-255,66,132,79,264
1009,0.018891,31.13.82.0-255,66,198,79,264
1010,0.052825,31.13.82.0-255,66,264,79,264
1011,0.0,157.240.13.0-255,66,66,79,132
1012,0.020179,104.244.42.0-255,66,132,79,132
1013,0.0,104.244.42.0-255,66,66,79,66
1014,0.0,104.244.42.0-255,66,66,79,264
1015,0.014929,31.13.82.0-255,66,132,79,264
1016,0.019897,31.13.82.0-255,66,198,79,264
1017,0.059385,31.13.82.0-255,66,264,79,264
1018,0.0,104.244.42.0-255,66,66,79,264
1019,0.012753,31.13.82.0-255,66,132,79,264
1020,0.017137,31.13.82.0-255,66,198,79,264
1021,0.056014,31.13.82.0-255,66,264,79,264
1022,0.0,104.244.42.0-255,66,66,79,264
1023,0.007821,31.13.82.0-255,66,132,79,264
1024,0.014209,31.13.82.0-255,66,198,79,264
1025,0.054562,31.13.82.0-255,66,264,79,264
1026,0.0,104.244.42.0-255,66,66,79,227
1027,0.099958,157.240.7.0-255,95,161,79,227
1028,0.099975,172.31.40.0-255,66,227,79,227
1029,0.0,104.244.42.0-255,66,66,79,66
1030,0.0,104.244.42.0-255,66,66,79,264
1031,0.014131,31.13.82.0-255,66,132,79,264
1032,0.017899,31.13.82.0-255,66,198,79,264
1033,0.059635,31.13.82.0-255,66,264,79,264
1034,0.0,104.244.42.0-255,66,66,79,293
1035,0.061077,31.13.82.0-255,66,132,79,293
1036,0.098495,157.240.13.0-255,95,227,79,293
1037,0.098508,172.31.40.0-255,66,293,79,293
1038,0.0,157.240.7.0-255,66,66,79,132
1039,0.013697,104.244.42.0-255,66,132,79,132
1040,0.0,104.244.42.0-255,66,66,79,449
1041,0.095393,157.240.7.0-255,95,161,79,449
1042,0.095401,172.31.40.0-255,66,227,79,449
1043,0.099594,157.240.7.0-255,66,293,79,449
1044,0.099935,172.31.40.0-255,90,383,79,449
1045,0.099945,172.31.40.0-255,66,449,79,449
1046,0.0,104.244.42.0-255,66,66,79,66
1047,0.0,157.240.13.0-255,66,66,79,132
1048,0.01584,104.244.42.0-255,66,132,79,132
1049,0.0,104.244.42.0-255,66,66,79,264
1050,0.009645,31.13.82.0-255,66,132,79,264
1051,0.013374,31.13.82.0-255,66,198,79,264
1052,0.066035,31.13.82.0-255,66,264,79,264
1053,0.0,104.244.42.0-255,66,66,79,132
1054,0.064056,31.13.82.0-255,66,132,79,132
1055,0.0,104.244.42.0-255,66,66,79,647
1056,0.0011,31.13.82.0-255,66,132,79,647
1057,0.004271,31.13.82.0-255,66,198,79,647
1058,0.052016,31.13.82.0-255,66,264,79,647
1059,0.094803,31.13.82.0-255,95,359,79,647
1060,0.09482,172.31.40.0-255,66,425,79,647
1061,0.097876,31.13.82.0-255,66,491,79,647
1062,0.098059,172.31.40.0-255,90,581,79,647
1063,0.098072,172.31.40.0-255,66,647,79,647
1064,0.0,157.240.7.0-255,66,66,79,132
1065,0.012367,104.244.42.0-255,66,132,79,132
1066,0.0,104.244.42.0-255,66,66,79,264
1067,0.012738,31.13.82.0-255,66,132,79,264
1068,0.014914,31.13.82.0-255,66,198,79,264
1069,0.057951,31.13.82.0-255,66,264,79,264
1070,0.0,104.244.42.0-255,66,66,79,66
1071,0.0,157.240.13.0-255,95,95,79,979
1072,1.9e-05,172.31.40.0-255,66,161,79,979
1073,0.002538,157.240.13.0-255,66,227,79,979
1074,0.002919,172.31.40.0-255,90,317,79,979
1075,0.002931,172.31.40.0-255,66,383,79,979
1076,0.004643,157.240.13.0-255,66,449,79,979
1077,0.004654,157.240.13.0-255,66,515,79,979
1078,0.036007,104.244.42.0-255,173,688,79,979
1079,0.036025,172.31.40.0-255,66,754,79,979
1080,0.051075,172.31.40.0-255,159,913,79,979
1081,0.05261,104.244.42.0-255,66,979,79,979
1082,0.0,157.240.13.0-255,66,66,79,132
1083,0.012808,104.244.42.0-255,66,132,79,132
1084,0.0,104.244.42.0-255,66,66,79,264
1085,0.013104,31.13.82.0-255,66,132,79,264
1086,0.018484,31.13.82.0-255,66,198,79,264
1087,0.057187,31.13.82.0-255,66,264,79,264
1088,0.0,104.244.42.0-255,66,66,79,227
1089,0.096975,157.240.13.0-255,95,161,79,227
1090,0.096993,172.31.40.0-255,66,227,79,227
1091,0.0,104.244.42.0-255,66,66,79,581
1092,0.092294,157.240.13.0-255,95,161,79,581
1093,0.092307,172.31.40.0-255,66,227,79,581
1094,0.096182,157.240.13.0-255,66,293,79,581
1095,0.096529,172.31.40.0-255,90,383,79,581
1096,0.096539,172.31.40.0-255,66,449,79,581
1097,0.098545,157.240.13.0-255,66,515,79,581
1098,0.098555,157.240.13.0-255,66,581,79,581
1099,0.0,104.244.42.0-255,66,66,79,449
1100,0.099294,157.240.7.0-255,95,161,79,449
1101,0.099304,172.31.40.0-255,66,227,79,449
1102,0.099643,157.240.7.0-255,66,293,79,449
1103,0.099942,172.31.40.0-255,90,383,79,449
1104,0.099952,172.31.40.0-255,66,449,79,449
1105,0.0,104.244.42.0-255,66,66,79,425
1106,0.003545,31.13.82.0-255,66,132,79,425
1107,0.008425,31.13.82.0-255,66,198,79,425
1108,0.049647,31.13.82.0-255,66,264,79,425
1109,0.097532,31.13.82.0-255,95,359,79,425
1110,0.097552,172.31.40.0-255,66,425,79,425
1111,0.0,104.244.42.0-255,66,66,79,264
1112,0.012016,31.13.82.0-255,66,132,79,264
1113,0.015141,31.13.82.0-255,66,198,79,264
1114,0.054732,31.13.82.0-255,66,264,79,264
1115,0.0,104.244.42.0-255,66,66,79,227
1116,0.099903,157.240.7.0-255,95,161,79,227
1117,0.099911,172.31.40.0-255,66,227,79,227
1118,0.0,104.244.42.0-255,66,66,79,581
1119,0.094512,157.240.13.0-255,95,161,79,581
1120,0.094531,172.31.40.0-255,66,227,79,581
1121,0.097705,157.240.13.0-255,66,293,79,581
1122,0.098472,172.31.40.0-255,90,383,79,581
1123,0.098485,172.31.40.0-255,66,449,79,581
1124,0.099904,157.240.13.0-255,66,515,79,581
1125,0.099917,157.240.13.0-255,66,581,79,581
1126,0.0,157.240.13.0-255,66,66,79,132
1127,0.011826,104.244.42.0-255,66,132,79,132
1128,0.0,104.244.42.0-255,66,66,79,264
1129,0.009658,31.13.82.0-255,66,132,79,264
1130,0.011899,31.13.82.0-255,66,198,79,264
1131,0.056562,31.13.82.0-255,66,264,79,264
1132,0.0,104.244.42.0-255,66,66,79,66
1133,0.0,104.244.42.0-255,66,66,79,66
1134,0.0,104.244.42.0-255,66,66,79,581
1135,0.09372,157.240.7.0-255,95,161,79,581
1136,0.093738,172.31.40.0-255,66,227,79,581
1137,0.096862,157.240.7.0-255,66,293,79,581
1138,0.097241,172.31.40.0-255,90,383,79,581
1139,0.097252,172.31.40.0-255,66,449,79,581
1140,0.099257,157.240.7.0-255,66,515,79,581
1141,0.099265,157.240.7.0-255,66,581,79,581
1142,0.0,104.244.42.0-255,66,66,79,227
1143,0.096986,157.240.13.0-255,95,161,79,227
1144,0.096997,172.31.40.0-255,66,227,79,227
1145,0.0,31.13.82.0-255,66,66,79,647
1146,0.001567,104.244.42.0-255,66,132,79,647
1147,0.005106,31.13.82.0-255,66,198,79,647
1148,0.043665,31.13.82.0-255,66,264,79,647
1149,0.093136,31.13.82.0-255,95,359,79,647
1150,0.093156,172.31.40.0-255,66,425,79,647
1151,0.098258,31.13.82.0-255,66,491,79,647
1152,0.09899,172.31.40.0-255,90,581,79,647
1153,0.099002,172.31.40.0-255,66,647,79,647
1154,0.0,157.240.13.0-255,66,66,79,132
1155,0.009801,104.244.42.0-255,66,132,79,132
1156,0.0,104.244.42.0-255,66,66,79,66
1157,0.0,104.244.42.0-255,66,66,79,228
1158,0.055702,31.13.82.0-255,66,132,79,228
1159,0.093729,172.31.40.0-255,96,228,79,228
1160,0.0,104.244.42.0-255,66,66,79,425
1161,0.005506,31.13.82.0-255,66,132,79,425
1162,0.00925,31.13.82.0-255,66,198,79,425
1163,0.050665,31.13.82.0-255,66,264,79,425
1164,0.099527,31.13.82.0-255,95,359,79,425
1165,0.099547,172.31.40.0-255,66,425,79,425
1166,0.0,157.240.13.0-255,66,66,79,132
1167,0.014427,104.244.42.0-255,66,132,79,132
1168,0.0,104.244.42.0-255,66,66,79,227
1169,0.098998,157.240.7.0-255,95,161,79,227
1170,0.099015,172.31.40.0-255,66,227,79,227
1171,0.0,104.244.42.0-255,66,66,79,66
1172,0.0,104.244.42.0-255,66,66,79,227
1173,0.095427,157.240.7.0-255,95,161,79,227
1174,0.095445,172.31.40.0-255,66,227,79,227
1175,0.0,157.240.13.0-255,66,66,79,132
1176,0.015801,104.244.42.0-255,66,132,79,132
1177,0.0,104.244.42.0-255,66,66,79,227
1178,0.097725,157.240.7.0-255,95,161,79,227
1179,0.097734,172.31.40.0-255,66,227,79,227
1180,0.0,104.244.42.0-255,66,66,79,66
1181,0.0,104.244.42.0-255,66,66,79,581
1182,0.092582,157.240.13.0-255,95,161,79,581
1183,0.092599,172.31.40.0-255,66,227,79,581
1184,0.096984,157.240.13.0-255,66,293,79,581
1185,0.09736,172.31.40.0-255,90,383,79,581
1186,0.097372,172.31.40.0-255,66,449,79,581
1187,0.098819,157.240.13.0-255,66,515,79,581
1188,0.098831,157.240.13.0-255,66,581,79,581
1189,0.0,104.244.42.0-255,66,66,79,227
1190,0.096305,157.240.7.0-255,95,161,79,227
1191,0.09632,172.31.40.0-255,66,227,79,227
1192,0.0,104.244.42.0-255,66,66,79,264
1193,0.017048,31.13.82.0-255,66,132,79,264
1194,0.021214,31.13.82.0-255,66,198,79,264
1195,0.062882,31.13.82.0-255,66,264,79,264
1196,0.0,157.240.13.0-255,66,66,79,132
1197,0.011713,104.244.42.0-255,66,132,79,132
1198,0.0,104.244.42.0-255,66,66,79,425
1199,0.003696,31.13.82.0-255,66,132,79,425
1200,0.009671,31.13.82.0-255,66,198,79,425
1201,0.047879,31.13.82.0-255,66,264,79,425
1202,0.09731,31.13.82.0-255,95,359,79,425
1203,0.097317,172.31.40.0-255,66,425,79,425
1204,0.0,157.240.13.0-255,66,66,79,132
1205,0.011756,104.244.42.0-255,66,132,79,132
1206,0.0,157.240.7.0-255,66,66,79,132
1207,0.012728,104.244.42.0-255,66,132,79,132
1208,0.0,104.244.42.0-255,66,66,79,66
1209,0.0,104.244.42.0-255,66,66,79,293
1210,0.001986,157.240.13.0-255,66,132,79,293
1211,0.098454,157.240.13.0-255,95,227,79,293
1212,0.098469,172.31.40.0-255,66,293,79,293
1213,0.0,104.244.42.0-255,66,66,79,264
1214,0.023271,31.13.82.0-255,66,132,79,264
1215,0.025776,31.13.82.0-255,66,198,79,264
1216,0.054009,31.13.82.0-255,66,264,79,264
1217,0.0,157.240.7.0-255,66,66,79,132
1218,0.016603,104.244.42.0-255,66,132,79,132
1219,0.0,157.240.7.0-255,66,66,79,132
1220,0.014642,104.244.42.0-255,66,132,79,132
1221,0.0,104.244.42.0-255,66,66,79,581
1222,0.085071,157.240.7.0-255,95,161,79,581
1223,0.085091,172.31.40.0-255,66,227,79,581
1224,0.090758,157.240.7.0-255,66,293,79,581
1225,0.091078,172.31.40.0-255,90,383,79,581
1226,0.091093,172.31.40.0-255,66,449,79,581
1227,0.093083,157.240.7.0-255,66,515,79,581
1228,0.0931,157.240.7.0-255,66,581,79,581
1229,0.0,104.244.42.0-255,66,66,79,227
1230,0.097901,157.240.13.0-255,95,161,79,227
1231,0.097919,172.31.40.0-255,66,227,79,227
1232,0.0,157.240.7.0-255,66,66,79,132
1233,0.012762,104.244.42.0-255,66,132,79,132
1234,0.0,157.240.13.0-255,66,66,79,132
1235,0.015235,104.244.42.0-255,66,132,79,132
1236,0.0,157.240.13.0-255,66,66,79,132
1237,0.019899,104.244.42.0-255,66,132,79,132
1238,0.0,157.240.13.0-255,66,66,79,132
1239,0.013028,104.244.42.0-255,66,132,79,132
1240,0.0,104.244.42.0-255,66,66,79,198
1241,0.009632,31.13.82.0-255,66,132,79,198
1242,0.013426,31.13.82.0-255,66,198,79,198
1243,0.0,104.244.42.0-255,66,66,79,66
1244,0.0,104.244.42.0-255,66,66,79,227
1245,0.098348,157.240.13.0-255,95,161,79,227
1246,0.098371,172.31.40.0-255,66,227,79,227
1247,0.0,104.244.42.0-255,66,66,79,66
1248,0.0,104.244.42.0-255,66,66,79,227
1249,0.099879,157.240.13.0-255,95,161,79,227
1250,0.099891,172.31.40.0-255,66,227,79,227
1251,0.0,157.240.13.0-255,66,66,79,132
1252,0.022142,104.244.42.0-255,66,132,79,132
1253,0.0,104.244.42.0-255,66,66,79,66
1254,0.0,157.240.13.0-255,66,66,79,264
1255,0.004275,104.244.42.0-255,66,132,79,264
1256,0.013097,31.13.82.0-255,66,198,79,264
1257,0.016621,31.13.82.0-255,66,264,79,264
1258,0.0,104.244.42.0-255,66,66,79,66
1259,0.0,104.244.42.0-255,66,66,79,264
1260,0.017671,31.13.82.0-255,66,132,79,264
1261,0.021055,31.13.82.0-255,66,198,79,264
1262,0.061856,31.13.82.0-255,66,264,79,264
1263,0.0,104.244.42.0-255,66,66,79,66
1264,0.0,104.244.42.0-255,66,66,79,264
1265,0.014161,31.13.82.0-255,66,132,79,264
1266,0.018482,31.13.82.0-255,66,198,79,264
1267,0.067033,31.13.82.0-255,66,264,79,264
1268,0.0,157.240.7.0-255,66,66,79,132
1269,0.017093,104.244.42.0-255,66,132,79,132
1270,0.0,104.244.42.0-255,66,66,79,198
1271,0.011851,31.13.82.0-255,66,132,79,198
1272,0.015972,31.13.82.0-255,66,198,79,198
