,TIME,SRC,PACKET_SIZE,CUMULATIVE_PACKET_SIZE,PAGE_NUMBER,TOTAL_PACKET_SIZE
0,0.0,157.240.13.0-255,66,66,94,132
1,0.008976,104.244.42.0-255,66,132,94,132
2,0.0,157.240.13.0-255,66,66,94,132
3,0.013906,104.244.42.0-255,66,132,94,132
4,0.0,157.240.13.0-255,66,66,94,132
5,0.009358,104.244.42.0-255,66,132,94,132
6,0.0,157.240.13.0-255,66,66,94,132
7,0.009003,104.244.42.0-255,66,132,94,132
8,0.0,104.244.42.0-255,66,66,94,198
9,0.011378,31.13.82.0-255,66,132,94,198
10,0.015181,31.13.82.0-255,66,198,94,198
11,0.0,104.244.42.0-255,66,66,94,198
12,0.012947,31.13.82.0-255,66,132,94,198
13,0.016837,31.13.82.0-255,66,198,94,198
14,0.0,157.240.13.0-255,66,66,94,132
15,0.0095,104.244.42.0-255,66,132,94,132
16,0.0,157.240.13.0-255,66,66,94,132
17,0.009645,104.244.42.0-255,66,132,94,132
18,0.0,157.240.13.0-255,66,66,94,132
19,0.011383,104.244.42.0-255,66,132,94,132
20,0.0,157.240.7.0-255,66,66,94,132
21,0.011973,104.244.42.0-255,66,132,94,132
22,0.0,157.240.13.0-255,66,66,94,264
23,0.012389,104.244.42.0-255,66,132,94,264
24,0.020635,31.13.82.0-255,66,198,94,264
25,0.02502,31.13.82.0-255,66,264,94,264
26,0.0,157.240.13.0-255,66,66,94,132
27,0.012183,104.244.42.0-255,66,132,94,132
28,0.0,104.244.42.0-255,66,66,94,198
29,0.021314,31.13.82.0-255,66,132,94,198
30,0.025144,31.13.82.0-255,66,198,94,198
31,0.0,104.244.42.0-255,66,66,94,369
32,0.017844,31.13.82.0-255,66,132,94,369
33,0.021381,31.13.82.0-255,66,198,94,369
34,0.027947,31.13.82.0-255,105,303,94,369
35,0.027959,172.31.47.0-255,66,369,94,369
36,0.0,157.240.13.0-255,66,66,94,132
37,0.010886,104.244.42.0-255,66,132,94,132
38,0.0,157.240.13.0-255,66,66,94,132
39,0.009991,104.244.42.0-255,66,132,94,132
40,0.0,104.244.42.0-255,66,66,94,198
41,0.016455,31.13.82.0-255,66,132,94,198
42,0.021116,31.13.82.0-255,66,198,94,198
43,0.0,104.244.42.0-255,66,66,94,198
44,0.010174,31.13.82.0-255,66,132,94,198
45,0.016614,31.13.82.0-255,66,198,94,198
46,0.0,172.31.47.0-255,146,146,94,212
47,0.021451,157.240.13.0-255,66,212,94,212
48,0.0,157.240.13.0-255,66,66,94,264
49,0.022186,104.244.42.0-255,66,132,94,264
50,0.030267,31.13.82.0-255,66,198,94,264
51,0.034758,31.13.82.0-255,66,264,94,264
52,0.0,104.244.42.0-255,66,66,94,198
53,0.017954,31.13.82.0-255,66,132,94,198
54,0.021497,31.13.82.0-255,66,198,94,198
55,0.0,157.240.13.0-255,66,66,94,132
56,0.009346,104.244.42.0-255,66,132,94,132
57,0.0,172.31.47.0-255,146,146,94,278
58,0.029043,31.13.82.0-255,66,212,94,278
59,0.033388,31.13.82.0-255,66,278,94,278
60,0.0,172.31.47.0-255,146,146,94,212
61,0.01299,157.240.13.0-255,66,212,94,212
62,0.0,104.244.42.0-255,66,66,94,198
63,0.013294,31.13.82.0-255,66,132,94,198
64,0.01701,31.13.82.0-255,66,198,94,198
65,0.0,172.31.47.0-255,145,145,94,211
66,0.028899,157.240.13.0-255,66,211,94,211
67,0.0,104.244.42.0-255,66,66,94,198
68,0.010964,31.13.82.0-255,66,132,94,198
69,0.015008,31.13.82.0-255,66,198,94,198
70,0.0,104.244.42.0-255,110,110,94,1420
71,0.014107,157.240.13.0-255,66,176,94,1420
72,0.020068,172.31.47.0-255,243,419,94,1420
73,0.020102,172.31.47.0-255,727,1146,94,1420
74,0.020811,172.31.47.0-255,104,1250,94,1420
75,0.021675,104.244.42.0-255,66,1316,94,1420
76,0.021688,104.244.42.0-255,104,1420,94,1420
77,0.0,157.240.13.0-255,66,66,94,132
78,0.009022,104.244.42.0-255,66,132,94,132
79,0.0,104.244.42.0-255,237,237,94,401
80,0.013321,172.31.47.0-255,164,401,94,401
81,0.0,104.244.42.0-255,66,66,94,198
82,0.013902,31.13.82.0-255,66,132,94,198
83,0.018007,31.13.82.0-255,66,198,94,198
84,0.0,157.240.13.0-255,66,66,94,264
85,0.01153,104.244.42.0-255,66,132,94,264
86,0.032542,31.13.82.0-255,66,198,94,264
87,0.037897,31.13.82.0-255,66,264,94,264
88,0.0,104.244.42.0-255,66,66,94,198
89,0.024174,31.13.82.0-255,66,132,94,198
90,0.028078,31.13.82.0-255,66,198,94,198
91,0.0,31.13.82.0-255,66,66,94,198
92,0.004543,104.244.42.0-255,66,132,94,198
93,0.0051,31.13.82.0-255,66,198,94,198
94,0.0,104.244.42.0-255,66,66,94,198
95,0.012272,31.13.82.0-255,66,132,94,198
96,0.015995,31.13.82.0-255,66,198,94,198
97,0.0,172.31.47.0-255,146,146,94,146
98,0.0,104.244.42.0-255,66,66,94,66
99,0.0,157.240.13.0-255,66,66,94,132
100,0.015649,104.244.42.0-255,66,132,94,132
101,0.0,104.244.42.0-255,66,66,94,144
102,0.030582,31.13.82.0-255,78,144,94,144
103,0.0,104.244.42.0-255,66,66,94,66
104,0.0,104.244.42.0-255,66,66,94,198
105,0.013439,31.13.82.0-255,66,132,94,198
106,0.017865,31.13.82.0-255,66,198,94,198
107,0.0,157.240.13.0-255,66,66,94,132
108,0.010032,104.244.42.0-255,66,132,94,132
109,0.0,157.240.13.0-255,66,66,94,132
110,0.014211,104.244.42.0-255,66,132,94,132
111,0.0,157.240.13.0-255,66,66,94,132
112,0.009086,104.244.42.0-255,66,132,94,132
113,0.0,157.240.7.0-255,66,66,94,132
114,0.011553,104.244.42.0-255,66,132,94,132
115,0.0,157.240.7.0-255,66,66,94,132
116,0.012359,104.244.42.0-255,66,132,94,132
117,0.0,104.244.42.0-255,66,66,94,198
118,0.013416,31.13.82.0-255,66,132,94,198
119,0.018249,31.13.82.0-255,66,198,94,198
120,0.0,157.240.13.0-255,66,66,94,132
121,0.009394,104.244.42.0-255,66,132,94,132
122,0.0,104.244.42.0-255,66,66,94,198
123,0.015982,31.13.82.0-255,66,132,94,198
124,0.020085,31.13.82.0-255,66,198,94,198
125,0.0,157.240.13.0-255,66,66,94,132
126,0.007819,104.244.42.0-255,66,132,94,132
127,0.0,104.244.42.0-255,66,66,94,198
128,0.011507,31.13.82.0-255,66,132,94,198
129,0.015035,31.13.82.0-255,66,198,94,198
130,0.0,157.240.13.0-255,66,66,94,198
131,0.013253,172.31.47.0-255,66,132,94,198
132,0.018883,104.244.42.0-255,66,198,94,198
133,0.0,157.240.7.0-255,66,66,94,132
134,0.009798,104.244.42.0-255,66,132,94,132
135,0.0,104.244.42.0-255,66,66,94,66
136,0.0,104.244.42.0-255,66,66,94,198
137,0.007763,31.13.82.0-255,66,132,94,198
138,0.01303,31.13.82.0-255,66,198,94,198
139,0.0,157.240.13.0-255,66,66,94,132
140,0.014076,104.244.42.0-255,66,132,94,132
141,0.0,104.244.42.0-255,66,66,94,535
142,0.000274,104.244.42.0-255,97,163,94,535
143,0.000295,172.31.47.0-255,54,217,94,535
144,0.000455,104.244.42.0-255,66,283,94,535
145,0.000462,172.31.47.0-255,54,337,94,535
146,0.032742,172.31.47.0-255,66,403,94,535
147,0.034556,104.244.42.0-255,66,469,94,535
148,0.036362,31.13.82.0-255,66,535,94,535
149,0.0,172.31.47.0-255,146,146,94,278
150,0.016194,157.240.13.0-255,66,212,94,278
151,0.036353,31.13.82.0-255,66,278,94,278
152,0.0,157.240.13.0-255,66,66,94,132
153,0.030146,104.244.42.0-255,66,132,94,132
154,0.0,157.240.7.0-255,66,66,94,210
155,0.009724,104.244.42.0-255,66,132,94,210
156,0.033906,31.13.82.0-255,78,210,94,210
157,0.0,157.240.13.0-255,66,66,94,132
158,0.015673,104.244.42.0-255,66,132,94,132
159,0.0,157.240.7.0-255,66,66,94,132
160,0.016267,104.244.42.0-255,66,132,94,132
161,0.0,157.240.13.0-255,66,66,94,132
162,0.014932,104.244.42.0-255,66,132,94,132
163,0.0,157.240.13.0-255,66,66,94,132
164,0.010262,104.244.42.0-255,66,132,94,132
165,0.0,104.244.42.0-255,66,66,94,66
166,0.0,157.240.13.0-255,66,66,94,132
167,0.012982,104.244.42.0-255,66,132,94,132
168,0.0,157.240.13.0-255,66,66,94,132
169,0.009015,104.244.42.0-255,66,132,94,132
170,0.0,157.240.13.0-255,66,66,94,132
171,0.010417,104.244.42.0-255,66,132,94,132
172,0.0,157.240.13.0-255,66,66,94,132
173,0.010751,104.244.42.0-255,66,132,94,132
174,0.0,172.31.47.0-255,146,146,94,212
175,0.030439,157.240.13.0-255,66,212,94,212
176,0.0,104.244.42.0-255,66,66,94,198
177,0.025063,31.13.82.0-255,66,132,94,198
178,0.029241,31.13.82.0-255,66,198,94,198
179,0.0,104.244.42.0-255,66,66,94,198
180,0.0185,31.13.82.0-255,66,132,94,198
181,0.02369,31.13.82.0-255,66,198,94,198
182,0.0,172.31.47.0-255,146,146,94,212
183,0.005571,157.240.13.0-255,66,212,94,212
184,0.0,104.244.42.0-255,66,66,94,198
185,0.008339,31.13.82.0-255,66,132,94,198
186,0.013068,31.13.82.0-255,66,198,94,198
187,0.0,104.244.42.0-255,66,66,94,66
188,0.0,157.240.13.0-255,66,66,94,132
189,0.009317,104.244.42.0-255,66,132,94,132
190,0.0,172.31.47.0-255,146,146,94,212
191,0.016334,157.240.13.0-255,66,212,94,212
192,0.0,104.244.42.0-255,66,66,94,198
193,0.006322,31.13.82.0-255,66,132,94,198
194,0.010904,31.13.82.0-255,66,198,94,198
195,0.0,157.240.13.0-255,66,66,94,132
196,0.017222,104.244.42.0-255,66,132,94,132
197,0.0,104.244.42.0-255,66,66,94,198
198,0.014868,31.13.82.0-255,66,132,94,198
199,0.018785,31.13.82.0-255,66,198,94,198
200,0.0,157.240.13.0-255,66,66,94,132
201,0.010493,104.244.42.0-255,66,132,94,132
202,0.0,104.244.42.0-255,66,66,94,198
203,0.010998,31.13.82.0-255,66,132,94,198
204,0.015996,31.13.82.0-255,66,198,94,198
205,0.0,104.244.42.0-255,66,66,94,198
206,0.012301,31.13.82.0-255,66,132,94,198
207,0.017095,31.13.82.0-255,66,198,94,198
208,0.0,157.240.13.0-255,66,66,94,132
209,0.010085,104.244.42.0-255,66,132,94,132
210,0.0,157.240.13.0-255,66,66,94,132
211,0.016098,104.244.42.0-255,66,132,94,132
212,0.0,104.244.42.0-255,66,66,94,66
213,0.0,157.240.7.0-255,66,66,94,132
214,0.013776,104.244.42.0-255,66,132,94,132
215,0.0,104.244.42.0-255,66,66,94,198
216,0.008372,31.13.82.0-255,66,132,94,198
217,0.012277,31.13.82.0-255,66,198,94,198
218,0.0,104.244.42.0-255,66,66,94,198
219,0.018079,31.13.82.0-255,66,132,94,198
220,0.023011,31.13.82.0-255,66,198,94,198
221,0.0,157.240.13.0-255,66,66,94,264
222,0.009142,104.244.42.0-255,66,132,94,264
223,0.020642,31.13.82.0-255,66,198,94,264
224,0.024725,31.13.82.0-255,66,264,94,264
225,0.0,104.244.42.0-255,66,66,94,198
226,0.015567,31.13.82.0-255,66,132,94,198
227,0.019868,31.13.82.0-255,66,198,94,198
228,0.0,104.244.42.0-255,66,66,94,66
229,0.0,104.244.42.0-255,66,66,94,198
230,0.006572,31.13.82.0-255,66,132,94,198
231,0.0145,31.13.82.0-255,66,198,94,198
232,0.0,157.240.13.0-255,66,66,94,132
233,0.01964,104.244.42.0-255,66,132,94,132
234,0.0,104.244.42.0-255,66,66,94,198
235,0.014016,31.13.82.0-255,66,132,94,198
236,0.018743,31.13.82.0-255,66,198,94,198
237,0.0,104.244.42.0-255,66,66,94,66
238,0.0,157.240.7.0-255,66,66,94,132
239,0.009622,104.244.42.0-255,66,132,94,132
240,0.0,157.240.7.0-255,66,66,94,132
241,0.012897,104.244.42.0-255,66,132,94,132
242,0.0,104.244.42.0-255,66,66,94,198
243,0.009345,31.13.82.0-255,66,132,94,198
244,0.014462,31.13.82.0-255,66,198,94,198
245,0.0,104.244.42.0-255,66,66,94,474
246,0.010964,31.13.82.0-255,66,132,94,474
247,0.017878,31.13.82.0-255,66,198,94,474
248,0.031677,172.31.47.0-255,105,303,94,474
249,0.034046,172.217.194.0-255,105,408,94,474
250,0.034056,172.31.47.0-255,66,474,94,474
251,0.0,157.240.13.0-255,66,66,94,132
252,0.018758,104.244.42.0-255,66,132,94,132
253,0.0,104.244.42.0-255,66,66,94,198
254,0.006211,31.13.82.0-255,66,132,94,198
255,0.009922,31.13.82.0-255,66,198,94,198
256,0.0,104.244.42.0-255,66,66,94,198
257,0.008628,31.13.82.0-255,66,132,94,198
258,0.014012,31.13.82.0-255,66,198,94,198
259,0.0,157.240.13.0-255,66,66,94,132
260,0.021339,104.244.42.0-255,66,132,94,132
261,0.0,104.244.42.0-255,66,66,94,198
262,0.018291,31.13.82.0-255,66,132,94,198
263,0.021833,31.13.82.0-255,66,198,94,198
264,0.0,104.244.42.0-255,66,66,94,198
265,0.013374,31.13.82.0-255,66,132,94,198
266,0.016908,31.13.82.0-255,66,198,94,198
267,0.0,104.244.42.0-255,66,66,94,198
268,0.01025,31.13.82.0-255,66,132,94,198
269,0.014773,31.13.82.0-255,66,198,94,198
270,0.0,104.244.42.0-255,66,66,94,198
271,0.015818,31.13.82.0-255,66,132,94,198
272,0.020613,31.13.82.0-255,66,198,94,198
273,0.0,104.244.42.0-255,74,74,94,3900
274,1.6e-05,172.31.47.0-255,66,140,94,3900
275,0.001473,172.31.47.0-255,612,752,94,3900
276,0.003059,104.244.42.0-255,66,818,94,3900
277,0.00396,104.244.42.0-255,407,1225,94,3900
278,0.003979,172.31.47.0-255,66,1291,94,3900
279,0.007358,172.31.47.0-255,117,1408,94,3900
280,0.009057,104.244.42.0-255,110,1518,94,3900
281,0.009258,172.31.47.0-255,112,1630,94,3900
282,0.009596,172.31.47.0-255,243,1873,94,3900
283,0.009621,172.31.47.0-255,728,2601,94,3900
284,0.011164,104.244.42.0-255,66,2667,94,3900
285,0.011263,104.244.42.0-255,104,2771,94,3900
286,0.012197,172.31.47.0-255,97,2868,94,3900
287,0.012207,172.31.47.0-255,66,2934,94,3900
288,0.012452,172.31.47.0-255,104,3038,94,3900
289,0.012576,172.31.47.0-255,105,3143,94,3900
290,0.013843,104.244.42.0-255,66,3209,94,3900
291,0.014321,104.244.42.0-255,97,3306,94,3900
292,0.014335,172.31.47.0-255,54,3360,94,3900
293,0.01451,104.244.42.0-255,66,3426,94,3900
294,0.014515,172.31.47.0-255,54,3480,94,3900
295,0.019075,172.31.47.0-255,90,3570,94,3900
296,0.019089,172.31.47.0-255,66,3636,94,3900
297,0.019351,172.217.194.0-255,66,3702,94,3900
298,0.021318,172.217.194.0-255,66,3768,94,3900
299,0.021342,172.217.194.0-255,66,3834,94,3900
300,0.021355,172.31.47.0-255,66,3900,94,3900
301,0.0,104.244.42.0-255,66,66,94,198
302,0.01303,31.13.82.0-255,66,132,94,198
303,0.017846,31.13.82.0-255,66,198,94,198
304,0.0,157.240.13.0-255,66,66,94,132
305,0.013127,104.244.42.0-255,66,132,94,132
306,0.0,104.244.42.0-255,66,66,94,66
307,0.0,157.240.13.0-255,66,66,94,132
308,0.020613,104.244.42.0-255,66,132,94,132
309,0.0,104.244.42.0-255,66,66,94,66
310,0.0,104.244.42.0-255,66,66,94,198
311,0.009053,31.13.82.0-255,66,132,94,198
312,0.012596,31.13.82.0-255,66,198,94,198
313,0.0,104.244.42.0-255,66,66,94,198
314,0.015458,31.13.82.0-255,66,132,94,198
315,0.021729,31.13.82.0-255,66,198,94,198
316,0.0,157.240.13.0-255,66,66,94,132
317,0.024863,104.244.42.0-255,66,132,94,132
318,0.0,104.244.42.0-255,66,66,94,198
319,0.009321,31.13.82.0-255,66,132,94,198
320,0.013872,31.13.82.0-255,66,198,94,198
321,0.0,172.31.47.0-255,146,146,94,212
322,0.037147,31.13.82.0-255,66,212,94,212
323,0.0,157.240.13.0-255,66,66,94,132
324,0.008205,104.244.42.0-255,66,132,94,132
325,0.0,104.244.42.0-255,66,66,94,198
326,0.005626,31.13.82.0-255,66,132,94,198
327,0.009711,31.13.82.0-255,66,198,94,198
328,0.0,104.244.42.0-255,66,66,94,198
329,0.018028,31.13.82.0-255,66,132,94,198
330,0.022506,31.13.82.0-255,66,198,94,198
331,0.0,157.240.13.0-255,66,66,94,264
332,0.014114,104.244.42.0-255,66,132,94,264
333,0.022163,31.13.82.0-255,66,198,94,264
334,0.026391,31.13.82.0-255,66,264,94,264
335,0.0,172.31.47.0-255,117,117,94,1594
336,0.002715,104.244.42.0-255,110,227,94,1594
337,0.004744,172.31.47.0-255,243,470,94,1594
338,0.004772,172.31.47.0-255,718,1188,94,1594
339,0.00634,104.244.42.0-255,66,1254,94,1594
340,0.006383,104.244.42.0-255,104,1358,94,1594
341,0.014486,172.31.47.0-255,104,1462,94,1594
342,0.031638,31.13.82.0-255,66,1528,94,1594
343,0.035823,31.13.82.0-255,66,1594,94,1594
344,0.0,104.244.42.0-255,66,66,94,198
345,0.018069,31.13.82.0-255,66,132,94,198
346,0.023865,31.13.82.0-255,66,198,94,198
347,0.0,104.244.42.0-255,66,66,94,198
348,0.012679,31.13.82.0-255,66,132,94,198
349,0.018009,31.13.82.0-255,66,198,94,198
350,0.0,104.244.42.0-255,66,66,94,198
351,0.011736,31.13.82.0-255,66,132,94,198
352,0.016113,31.13.82.0-255,66,198,94,198
353,0.0,157.240.13.0-255,66,66,94,132
354,0.016655,104.244.42.0-255,66,132,94,132
355,0.0,104.244.42.0-255,66,66,94,198
356,0.019274,31.13.82.0-255,66,132,94,198
357,0.023105,31.13.82.0-255,66,198,94,198
358,0.0,104.244.42.0-255,66,66,94,198
359,0.017901,31.13.82.0-255,66,132,94,198
360,0.021267,31.13.82.0-255,66,198,94,198
361,0.0,104.244.42.0-255,66,66,94,198
362,0.009424,31.13.82.0-255,66,132,94,198
363,0.013221,31.13.82.0-255,66,198,94,198
364,0.0,157.240.13.0-255,66,66,94,132
365,0.011752,104.244.42.0-255,66,132,94,132
366,0.0,172.31.47.0-255,612,612,94,2861
367,0.001538,104.244.42.0-255,66,678,94,2861
368,0.00175,104.244.42.0-255,407,1085,94,2861
369,0.001758,172.31.47.0-255,66,1151,94,2861
370,0.008169,172.31.47.0-255,117,1268,94,2861
371,0.009641,172.31.47.0-255,243,1511,94,2861
372,0.009677,172.31.47.0-255,718,2229,94,2861
373,0.009848,104.244.42.0-255,110,2339,94,2861
374,0.011266,104.244.42.0-255,66,2405,94,2861
375,0.011275,104.244.42.0-255,104,2509,94,2861
376,0.018954,104.244.42.0-255,104,2613,94,2861
377,0.018967,172.31.47.0-255,78,2691,94,2861
378,0.025158,157.240.13.0-255,66,2757,94,2861
379,0.025623,172.31.47.0-255,104,2861,94,2861
380,0.0,157.240.7.0-255,66,66,94,132
381,0.011664,104.244.42.0-255,66,132,94,132
382,0.0,157.240.13.0-255,66,66,94,132
383,0.009801,104.244.42.0-255,66,132,94,132
384,0.0,104.244.42.0-255,66,66,94,66
385,0.0,157.240.13.0-255,66,66,94,132
386,0.016019,104.244.42.0-255,66,132,94,132
387,0.0,157.240.13.0-255,66,66,94,132
388,0.008728,104.244.42.0-255,66,132,94,132
389,0.0,172.31.47.0-255,146,146,94,212
390,0.018438,157.240.13.0-255,66,212,94,212
391,0.0,104.244.42.0-255,66,66,94,198
392,0.019088,31.13.82.0-255,66,132,94,198
393,0.023474,31.13.82.0-255,66,198,94,198
394,0.0,104.244.42.0-255,66,66,94,198
395,0.008463,31.13.82.0-255,66,132,94,198
396,0.013488,31.13.82.0-255,66,198,94,198
397,0.0,172.31.47.0-255,146,146,94,212
398,0.035973,31.13.82.0-255,66,212,94,212
399,0.0,157.240.13.0-255,66,66,94,264
400,0.011423,104.244.42.0-255,66,132,94,264
401,0.0223,31.13.82.0-255,66,198,94,264
402,0.026598,31.13.82.0-255,66,264,94,264
403,0.0,172.31.47.0-255,74,74,94,4964
404,0.001647,104.244.42.0-255,74,148,94,4964
405,0.001669,172.31.47.0-255,66,214,94,4964
406,0.004442,172.31.47.0-255,612,826,94,4964
407,0.006013,104.244.42.0-255,66,892,94,4964
408,0.006156,104.244.42.0-255,407,1299,94,4964
409,0.006172,172.31.47.0-255,66,1365,94,4964
410,0.007484,172.31.47.0-255,117,1482,94,4964
411,0.009182,172.31.47.0-255,243,1725,94,4964
412,0.009241,172.31.47.0-255,727,2452,94,4964
413,0.009565,104.244.42.0-255,110,2562,94,4964
414,0.010004,172.31.47.0-255,104,2666,94,4964
415,0.010197,172.31.47.0-255,105,2771,94,4964
416,0.010302,172.31.47.0-255,105,2876,94,4964
417,0.010351,172.31.47.0-255,105,2981,94,4964
418,0.010448,172.31.47.0-255,105,3086,94,4964
419,0.010668,172.31.47.0-255,90,3176,94,4964
420,0.010689,172.31.47.0-255,66,3242,94,4964
421,0.010791,104.244.42.0-255,104,3346,94,4964
422,0.010908,172.31.47.0-255,90,3436,94,4964
423,0.010916,172.31.47.0-255,66,3502,94,4964
424,0.011102,172.31.47.0-255,90,3592,94,4964
425,0.01111,172.31.47.0-255,66,3658,94,4964
426,0.011261,172.31.47.0-255,90,3748,94,4964
427,0.011268,172.31.47.0-255,66,3814,94,4964
428,0.011534,104.244.42.0-255,66,3880,94,4964
429,0.01305,216.58.221.0-255,66,3946,94,4964
430,0.013084,216.58.221.0-255,66,4012,94,4964
431,0.013108,172.31.47.0-255,66,4078,94,4964
432,0.013255,172.217.194.0-255,66,4144,94,4964
433,0.013268,172.217.194.0-255,66,4210,94,4964
434,0.013275,172.31.47.0-255,66,4276,94,4964
435,0.01345,172.217.194.0-255,66,4342,94,4964
436,0.013462,172.217.194.0-255,66,4408,94,4964
437,0.013469,172.31.47.0-255,66,4474,94,4964
438,0.013586,74.125.200.0-255,66,4540,94,4964
439,0.01362,74.125.200.0-255,66,4606,94,4964
440,0.013626,172.31.47.0-255,66,4672,94,4964
441,0.020042,31.13.82.0-255,94,4766,94,4964
442,0.020063,172.31.47.0-255,66,4832,94,4964
443,0.028553,31.13.82.0-255,66,4898,94,4964
444,0.039016,31.13.82.0-255,66,4964,94,4964
445,0.0,104.244.42.0-255,66,66,94,198
446,0.019072,31.13.82.0-255,66,132,94,198
447,0.022991,31.13.82.0-255,66,198,94,198
448,0.0,104.244.42.0-255,66,66,94,198
449,0.017975,31.13.82.0-255,66,132,94,198
450,0.021547,31.13.82.0-255,66,198,94,198
451,0.0,104.244.42.0-255,66,66,94,66
452,0.0,172.31.47.0-255,145,145,94,211
453,0.022473,157.240.13.0-255,66,211,94,211
454,0.0,104.244.42.0-255,66,66,94,198
455,0.000792,31.13.82.0-255,66,132,94,198
456,0.006021,31.13.82.0-255,66,198,94,198
457,0.0,157.240.13.0-255,66,66,94,132
458,0.011846,104.244.42.0-255,66,132,94,132
459,0.0,104.244.42.0-255,66,66,94,198
460,0.019898,31.13.82.0-255,66,132,94,198
461,0.023355,31.13.82.0-255,66,198,94,198
462,0.0,104.244.42.0-255,66,66,94,198
463,0.009779,31.13.82.0-255,66,132,94,198
464,0.014725,31.13.82.0-255,66,198,94,198
465,0.0,157.240.13.0-255,66,66,94,132
466,0.016698,104.244.42.0-255,66,132,94,132
467,0.0,157.240.13.0-255,66,66,94,198
468,0.01434,172.31.47.0-255,66,132,94,198
469,0.01861,104.244.42.0-255,66,198,94,198
470,0.0,104.244.42.0-255,66,66,94,198
471,0.013308,31.13.82.0-255,66,132,94,198
472,0.016693,31.13.82.0-255,66,198,94,198
473,0.0,104.244.42.0-255,66,66,94,198
474,0.009702,31.13.82.0-255,66,132,94,198
475,0.013652,31.13.82.0-255,66,198,94,198
476,0.0,104.244.42.0-255,66,66,94,198
477,0.013852,31.13.82.0-255,66,132,94,198
478,0.018257,31.13.82.0-255,66,198,94,198
479,0.0,104.244.42.0-255,66,66,94,198
480,0.012159,31.13.82.0-255,66,132,94,198
481,0.0183,31.13.82.0-255,66,198,94,198
482,0.0,104.244.42.0-255,66,66,94,198
483,0.018857,31.13.82.0-255,66,132,94,198
484,0.022321,31.13.82.0-255,66,198,94,198
485,0.0,104.244.42.0-255,66,66,94,198
486,0.015161,31.13.82.0-255,66,132,94,198
487,0.018915,31.13.82.0-255,66,198,94,198
488,0.0,104.244.42.0-255,66,66,94,198
489,0.006705,31.13.82.0-255,66,132,94,198
490,0.010184,31.13.82.0-255,66,198,94,198
491,0.0,104.244.42.0-255,66,66,94,198
492,0.012787,31.13.82.0-255,66,132,94,198
493,0.01716,31.13.82.0-255,66,198,94,198
494,0.0,104.244.42.0-255,66,66,94,198
495,0.011234,31.13.82.0-255,66,132,94,198
496,0.016325,31.13.82.0-255,66,198,94,198
497,0.0,104.244.42.0-255,66,66,94,198
498,0.01744,31.13.82.0-255,66,132,94,198
499,0.02217,31.13.82.0-255,66,198,94,198
500,0.0,104.244.42.0-255,66,66,94,198
501,0.01492,31.13.82.0-255,66,132,94,198
502,0.018705,31.13.82.0-255,66,198,94,198
503,0.0,104.244.42.0-255,66,66,94,198
504,0.014521,31.13.82.0-255,66,132,94,198
505,0.01893,31.13.82.0-255,66,198,94,198
506,0.0,104.244.42.0-255,66,66,94,198
507,0.017024,31.13.82.0-255,66,132,94,198
508,0.020749,31.13.82.0-255,66,198,94,198
509,0.0,104.244.42.0-255,66,66,94,198
510,0.016701,31.13.82.0-255,66,132,94,198
511,0.020646,31.13.82.0-255,66,198,94,198
512,0.0,104.244.42.0-255,66,66,94,198
513,0.005846,31.13.82.0-255,66,132,94,198
514,0.00987,31.13.82.0-255,66,198,94,198
515,0.0,157.240.13.0-255,66,66,94,132
516,0.009694,104.244.42.0-255,66,132,94,132
517,0.0,157.240.13.0-255,66,66,94,264
518,0.015845,104.244.42.0-255,66,132,94,264
519,0.035182,31.13.82.0-255,66,198,94,264
520,0.039233,31.13.82.0-255,66,264,94,264
521,0.0,104.244.42.0-255,66,66,94,198
522,0.010622,31.13.82.0-255,66,132,94,198
523,0.015151,31.13.82.0-255,66,198,94,198
524,0.0,157.240.13.0-255,66,66,94,132
525,0.010758,104.244.42.0-255,66,132,94,132
526,0.0,157.240.13.0-255,66,66,94,132
527,0.009496,104.244.42.0-255,66,132,94,132
528,0.0,104.244.42.0-255,66,66,94,198
529,0.010808,31.13.82.0-255,66,132,94,198
530,0.018369,31.13.82.0-255,66,198,94,198
531,0.0,172.31.47.0-255,146,146,94,212
532,0.036471,31.13.82.0-255,66,212,94,212
533,0.0,157.240.7.0-255,66,66,94,132
534,0.010085,104.244.42.0-255,66,132,94,132
535,0.0,104.244.42.0-255,66,66,94,198
536,0.015026,31.13.82.0-255,66,132,94,198
537,0.019292,31.13.82.0-255,66,198,94,198
538,0.0,157.240.13.0-255,66,66,94,132
539,0.012388,104.244.42.0-255,66,132,94,132
540,0.0,104.244.42.0-255,66,66,94,66
541,0.0,104.244.42.0-255,66,66,94,198
542,0.006251,31.13.82.0-255,66,132,94,198
543,0.010482,31.13.82.0-255,66,198,94,198
544,0.0,104.244.42.0-255,66,66,94,198
545,0.012565,31.13.82.0-255,66,132,94,198
546,0.019813,31.13.82.0-255,66,198,94,198
547,0.0,104.244.42.0-255,66,66,94,198
548,0.023508,31.13.82.0-255,66,132,94,198
549,0.028138,31.13.82.0-255,66,198,94,198
550,0.0,157.240.13.0-255,66,66,94,132
551,0.016446,104.244.42.0-255,66,132,94,132
552,0.0,172.31.47.0-255,146,146,94,212
553,0.013578,157.240.13.0-255,66,212,94,212
554,0.0,104.244.42.0-255,66,66,94,198
555,0.009488,31.13.82.0-255,66,132,94,198
556,0.013975,31.13.82.0-255,66,198,94,198
557,0.0,157.240.13.0-255,66,66,94,264
558,0.009672,104.244.42.0-255,66,132,94,264
559,0.023172,31.13.82.0-255,66,198,94,264
560,0.026416,31.13.82.0-255,66,264,94,264
561,0.0,157.240.13.0-255,66,66,94,132
562,0.008902,104.244.42.0-255,66,132,94,132
563,0.0,104.244.42.0-255,66,66,94,198
564,0.007799,31.13.82.0-255,66,132,94,198
565,0.01494,31.13.82.0-255,66,198,94,198
566,0.0,157.240.13.0-255,66,66,94,132
567,0.012603,104.244.42.0-255,66,132,94,132
568,0.0,104.244.42.0-255,66,66,94,66
569,0.0,104.244.42.0-255,66,66,94,198
570,0.015878,31.13.82.0-255,66,132,94,198
571,0.019359,31.13.82.0-255,66,198,94,198
572,0.0,157.240.7.0-255,66,66,94,132
573,0.012122,104.244.42.0-255,66,132,94,132
574,0.0,104.244.42.0-255,66,66,94,198
575,0.020154,31.13.82.0-255,66,132,94,198
576,0.024852,31.13.82.0-255,66,198,94,198
577,0.0,157.240.13.0-255,66,66,94,132
578,0.015723,104.244.42.0-255,66,132,94,132
579,0.0,104.244.42.0-255,66,66,94,198
580,0.007323,31.13.82.0-255,66,132,94,198
581,0.011985,31.13.82.0-255,66,198,94,198
582,0.0,157.240.13.0-255,66,66,94,132
583,0.01068,104.244.42.0-255,66,132,94,132
584,0.0,157.240.13.0-255,66,66,94,132
585,0.0147,104.244.42.0-255,66,132,94,132
586,0.0,157.240.13.0-255,66,66,94,132
587,0.013727,104.244.42.0-255,66,132,94,132
588,0.0,172.31.47.0-255,146,146,94,278
589,0.029704,31.13.82.0-255,66,212,94,278
590,0.034404,31.13.82.0-255,66,278,94,278
591,0.0,104.244.42.0-255,66,66,94,198
592,0.011992,31.13.82.0-255,66,132,94,198
593,0.019196,31.13.82.0-255,66,198,94,198
594,0.0,157.240.13.0-255,66,66,94,132
595,0.012351,104.244.42.0-255,66,132,94,132
596,0.0,104.244.42.0-255,66,66,94,66
597,0.0,104.244.42.0-255,66,66,94,66
598,0.0,104.244.42.0-255,66,66,94,198
599,0.00951,31.13.82.0-255,66,132,94,198
600,0.014369,31.13.82.0-255,66,198,94,198
601,0.0,157.240.13.0-255,66,66,94,132
602,0.011917,104.244.42.0-255,66,132,94,132
603,0.0,157.240.13.0-255,66,66,94,132
604,0.010337,104.244.42.0-255,66,132,94,132
605,0.0,172.31.47.0-255,146,146,94,146
606,0.0,172.31.47.0-255,146,146,94,146
607,0.0,104.244.42.0-255,66,66,94,198
608,0.01224,31.13.82.0-255,66,132,94,198
609,0.018335,31.13.82.0-255,66,198,94,198
610,0.0,157.240.13.0-255,66,66,94,264
611,0.010556,104.244.42.0-255,66,132,94,264
612,0.021635,31.13.82.0-255,66,198,94,264
613,0.024954,31.13.82.0-255,66,264,94,264
614,0.0,104.244.42.0-255,66,66,94,66
615,0.0,172.31.47.0-255,146,146,94,278
616,0.030087,31.13.82.0-255,66,212,94,278
617,0.036648,31.13.82.0-255,66,278,94,278
618,0.0,157.240.13.0-255,66,66,94,264
619,0.01154,104.244.42.0-255,66,132,94,264
620,0.032753,31.13.82.0-255,66,198,94,264
621,0.036789,31.13.82.0-255,66,264,94,264
622,0.0,157.240.13.0-255,66,66,94,132
623,0.014943,104.244.42.0-255,66,132,94,132
624,0.0,104.244.42.0-255,407,407,94,2001
625,1.2e-05,172.31.47.0-255,66,473,94,2001
626,0.002729,172.31.47.0-255,117,590,94,2001
627,0.004393,104.244.42.0-255,110,700,94,2001
628,0.004409,172.31.47.0-255,243,943,94,2001
629,0.00443,172.31.47.0-255,718,1661,94,2001
630,0.004975,172.31.47.0-255,104,1765,94,2001
631,0.005979,104.244.42.0-255,66,1831,94,2001
632,0.006015,104.244.42.0-255,104,1935,94,2001
633,0.027305,157.240.13.0-255,66,2001,94,2001
634,0.0,104.244.42.0-255,66,66,94,198
635,0.009427,31.13.82.0-255,66,132,94,198
636,0.014408,31.13.82.0-255,66,198,94,198
637,0.0,104.244.42.0-255,66,66,94,198
638,0.012233,31.13.82.0-255,66,132,94,198
639,0.016069,31.13.82.0-255,66,198,94,198
640,0.0,157.240.13.0-255,66,66,94,132
641,0.013647,104.244.42.0-255,66,132,94,132
642,0.0,157.240.13.0-255,66,66,94,264
643,0.009398,104.244.42.0-255,66,132,94,264
644,0.034108,31.13.82.0-255,66,198,94,264
645,0.03807,31.13.82.0-255,66,264,94,264
646,0.0,157.240.13.0-255,66,66,94,132
647,0.009498,104.244.42.0-255,66,132,94,132
648,0.0,104.244.42.0-255,66,66,94,198
649,0.015709,31.13.82.0-255,66,132,94,198
650,0.020032,31.13.82.0-255,66,198,94,198
651,0.0,157.240.13.0-255,66,66,94,132
652,0.01168,104.244.42.0-255,66,132,94,132
653,0.0,104.244.42.0-255,66,66,94,198
654,0.016742,31.13.82.0-255,66,132,94,198
655,0.020656,31.13.82.0-255,66,198,94,198
656,0.0,157.240.13.0-255,66,66,94,132
657,0.013859,104.244.42.0-255,66,132,94,132
658,0.0,157.240.13.0-255,66,66,94,132
659,0.010864,104.244.42.0-255,66,132,94,132
660,0.0,104.244.42.0-255,66,66,94,198
661,0.015482,31.13.82.0-255,66,132,94,198
662,0.020117,31.13.82.0-255,66,198,94,198
663,0.0,104.244.42.0-255,66,66,94,198
664,0.019322,31.13.82.0-255,66,132,94,198
665,0.023835,31.13.82.0-255,66,198,94,198
666,0.0,157.240.13.0-255,66,66,94,132
667,0.014774,104.244.42.0-255,66,132,94,132
668,0.0,157.240.13.0-255,66,66,94,132
669,0.017242,104.244.42.0-255,66,132,94,132
670,0.0,157.240.13.0-255,66,66,94,264
671,0.014491,104.244.42.0-255,66,132,94,264
672,0.020168,31.13.82.0-255,66,198,94,264
673,0.02511,31.13.82.0-255,66,264,94,264
674,0.0,157.240.13.0-255,66,66,94,132
675,0.013173,104.244.42.0-255,66,132,94,132
676,0.0,104.244.42.0-255,66,66,94,198
677,0.023105,31.13.82.0-255,66,132,94,198
678,0.028144,31.13.82.0-255,66,198,94,198
679,0.0,104.244.42.0-255,66,66,94,198
680,0.012126,31.13.82.0-255,66,132,94,198
681,0.0159,31.13.82.0-255,66,198,94,198
682,0.0,104.244.42.0-255,66,66,94,198
683,0.013206,31.13.82.0-255,66,132,94,198
684,0.016893,31.13.82.0-255,66,198,94,198
685,0.0,104.244.42.0-255,66,66,94,198
686,0.009358,31.13.82.0-255,66,132,94,198
687,0.012814,31.13.82.0-255,66,198,94,198
688,0.0,104.244.42.0-255,66,66,94,198
689,0.021379,31.13.82.0-255,66,132,94,198
690,0.025036,31.13.82.0-255,66,198,94,198
691,0.0,157.240.13.0-255,66,66,94,132
692,0.01317,104.244.42.0-255,66,132,94,132
693,0.0,104.244.42.0-255,66,66,94,303
694,0.012248,172.31.47.0-255,105,171,94,303
695,0.019478,31.13.82.0-255,66,237,94,303
696,0.023064,31.13.82.0-255,66,303,94,303
697,0.0,104.244.42.0-255,66,66,94,198
698,0.022099,31.13.82.0-255,66,132,94,198
699,0.026142,31.13.82.0-255,66,198,94,198
700,0.0,157.240.13.0-255,66,66,94,132
701,0.01163,104.244.42.0-255,66,132,94,132
702,0.0,104.244.42.0-255,66,66,94,198
703,0.017581,31.13.82.0-255,66,132,94,198
704,0.021916,31.13.82.0-255,66,198,94,198
705,0.0,157.240.7.0-255,66,66,94,132
706,0.010786,104.244.42.0-255,66,132,94,132
707,0.0,157.240.13.0-255,66,66,94,212
708,0.016047,172.31.47.0-255,146,212,94,212
709,0.0,157.240.13.0-255,66,66,94,132
710,0.010894,104.244.42.0-255,66,132,94,132
711,0.0,104.244.42.0-255,66,66,94,198
712,0.014536,31.13.82.0-255,66,132,94,198
713,0.018814,31.13.82.0-255,66,198,94,198
714,0.0,157.240.13.0-255,66,66,94,132
715,0.009936,104.244.42.0-255,66,132,94,132
716,0.0,172.31.47.0-255,146,146,94,212
717,0.011787,157.240.13.0-255,66,212,94,212
718,0.0,157.240.7.0-255,66,66,94,132
719,0.008539,104.244.42.0-255,66,132,94,132
720,0.0,104.244.42.0-255,66,66,94,66
721,0.0,157.240.13.0-255,66,66,94,264
722,0.010373,104.244.42.0-255,66,132,94,264
723,0.021868,31.13.82.0-255,66,198,94,264
724,0.025785,31.13.82.0-255,66,264,94,264
725,0.0,104.244.42.0-255,66,66,94,198
726,0.006661,31.13.82.0-255,66,132,94,198
727,0.01106,31.13.82.0-255,66,198,94,198
728,0.0,157.240.13.0-255,66,66,94,132
729,0.015318,104.244.42.0-255,66,132,94,132
730,0.0,104.244.42.0-255,66,66,94,198
731,0.010127,31.13.82.0-255,66,132,94,198
732,0.014623,31.13.82.0-255,66,198,94,198
733,0.0,172.31.47.0-255,74,74,94,2815
734,0.001536,104.244.42.0-255,74,148,94,2815
735,0.001557,172.31.47.0-255,66,214,94,2815
736,0.003839,172.31.47.0-255,612,826,94,2815
737,0.005367,104.244.42.0-255,66,892,94,2815
738,0.005556,104.244.42.0-255,212,1104,94,2815
739,0.005562,172.31.47.0-255,66,1170,94,2815
740,0.005976,172.31.47.0-255,117,1287,94,2815
741,0.007168,172.31.47.0-255,243,1530,94,2815
742,0.007191,172.31.47.0-255,719,2249,94,2815
743,0.007616,104.244.42.0-255,110,2359,94,2815
744,0.008718,104.244.42.0-255,66,2425,94,2815
745,0.008762,104.244.42.0-255,104,2529,94,2815
746,0.014959,104.244.42.0-255,104,2633,94,2815
747,0.01497,172.31.47.0-255,78,2711,94,2815
748,0.015867,172.31.47.0-255,104,2815,94,2815
749,0.0,157.240.13.0-255,66,66,94,132
750,0.008623,104.244.42.0-255,66,132,94,132
751,0.0,157.240.13.0-255,66,66,94,132
752,0.009206,104.244.42.0-255,66,132,94,132
753,0.0,157.240.13.0-255,66,66,94,132
754,0.008716,104.244.42.0-255,66,132,94,132
755,0.0,104.244.42.0-255,66,66,94,198
756,0.018038,31.13.82.0-255,66,132,94,198
757,0.02267,31.13.82.0-255,66,198,94,198
758,0.0,157.240.13.0-255,66,66,94,132
759,0.010532,104.244.42.0-255,66,132,94,132
760,0.0,157.240.7.0-255,66,66,94,132
761,0.011415,104.244.42.0-255,66,132,94,132
762,0.0,157.240.13.0-255,66,66,94,132
763,0.008866,104.244.42.0-255,66,132,94,132
764,0.0,104.244.42.0-255,66,66,94,198
765,0.0153,31.13.82.0-255,66,132,94,198
766,0.019895,31.13.82.0-255,66,198,94,198
767,0.0,157.240.13.0-255,66,66,94,132
768,0.010063,104.244.42.0-255,66,132,94,132
769,0.0,157.240.13.0-255,66,66,94,132
770,0.010283,104.244.42.0-255,66,132,94,132
771,0.0,104.244.42.0-255,66,66,94,198
772,0.01197,31.13.82.0-255,66,132,94,198
773,0.016512,31.13.82.0-255,66,198,94,198
774,0.0,172.31.47.0-255,146,146,94,212
775,0.016191,157.240.13.0-255,66,212,94,212
776,0.0,104.244.42.0-255,66,66,94,198
777,0.012999,31.13.82.0-255,66,132,94,198
778,0.017499,31.13.82.0-255,66,198,94,198
779,0.0,157.240.13.0-255,66,66,94,132
780,0.011119,104.244.42.0-255,66,132,94,132
781,0.0,104.244.42.0-255,66,66,94,198
782,0.012367,31.13.82.0-255,66,132,94,198
783,0.01728,31.13.82.0-255,66,198,94,198
784,0.0,172.31.47.0-255,146,146,94,146
785,0.0,104.244.42.0-255,66,66,94,198
786,0.02372,31.13.82.0-255,66,132,94,198
787,0.027313,31.13.82.0-255,66,198,94,198
788,0.0,172.31.47.0-255,66,66,94,264
789,0.002424,104.244.42.0-255,66,132,94,264
790,0.002805,31.13.82.0-255,66,198,94,264
791,0.00611,31.13.82.0-255,66,264,94,264
792,0.0,104.244.42.0-255,66,66,94,132
793,0.019103,31.13.82.0-255,66,132,94,132
794,0.0,104.244.42.0-255,66,66,94,198
795,0.011657,31.13.82.0-255,66,132,94,198
796,0.016008,31.13.82.0-255,66,198,94,198
797,0.0,157.240.13.0-255,66,66,94,132
798,0.011601,104.244.42.0-255,66,132,94,132
799,0.0,157.240.7.0-255,66,66,94,132
800,0.015097,104.244.42.0-255,66,132,94,132
801,0.0,104.244.42.0-255,66,66,94,198
802,0.013429,31.13.82.0-255,66,132,94,198
803,0.017566,31.13.82.0-255,66,198,94,198
804,0.0,104.244.42.0-255,66,66,94,66
805,0.0,157.240.13.0-255,66,66,94,132
806,0.011874,104.244.42.0-255,66,132,94,132
807,0.0,104.244.42.0-255,66,66,94,198
808,0.011954,31.13.82.0-255,66,132,94,198
809,0.015672,31.13.82.0-255,66,198,94,198
810,0.0,157.240.7.0-255,66,66,94,132
811,0.011291,104.244.42.0-255,66,132,94,132
812,0.0,104.244.42.0-255,66,66,94,198
813,0.01366,31.13.82.0-255,66,132,94,198
814,0.017303,31.13.82.0-255,66,198,94,198
815,0.0,157.240.13.0-255,66,66,94,132
816,0.009744,104.244.42.0-255,66,132,94,132
817,0.0,104.244.42.0-255,66,66,94,198
818,0.02459,31.13.82.0-255,66,132,94,198
819,0.028331,31.13.82.0-255,66,198,94,198
820,0.0,157.240.13.0-255,66,66,94,132
821,0.018117,104.244.42.0-255,66,132,94,132
822,0.0,157.240.13.0-255,66,66,94,132
823,0.009665,104.244.42.0-255,66,132,94,132
824,0.0,104.244.42.0-255,66,66,94,132
825,0.028297,31.13.82.0-255,66,132,94,132
826,0.0,157.240.13.0-255,66,66,94,132
827,0.010296,104.244.42.0-255,66,132,94,132
828,0.0,172.31.47.0-255,146,146,94,212
829,0.0223,157.240.13.0-255,66,212,94,212
830,0.0,157.240.13.0-255,66,66,94,132
831,0.012953,104.244.42.0-255,66,132,94,132
832,0.0,157.240.13.0-255,66,66,94,132
833,0.011041,104.244.42.0-255,66,132,94,132
834,0.0,157.240.13.0-255,66,66,94,132
835,0.017244,104.244.42.0-255,66,132,94,132
836,0.0,104.244.42.0-255,66,66,94,198
837,0.009216,31.13.82.0-255,66,132,94,198
838,0.014884,31.13.82.0-255,66,198,94,198
839,0.0,104.244.42.0-255,66,66,94,198
840,0.003881,31.13.82.0-255,66,132,94,198
841,0.008576,31.13.82.0-255,66,198,94,198
842,0.0,104.244.42.0-255,66,66,94,198
843,0.014513,31.13.82.0-255,66,132,94,198
844,0.018018,31.13.82.0-255,66,198,94,198
845,0.0,157.240.13.0-255,66,66,94,132
846,0.01102,104.244.42.0-255,66,132,94,132
847,0.0,104.244.42.0-255,66,66,94,198
848,0.000812,31.13.82.0-255,66,132,94,198
849,0.004485,31.13.82.0-255,66,198,94,198
850,0.0,157.240.13.0-255,66,66,94,132
851,0.019129,104.244.42.0-255,66,132,94,132
852,0.0,104.244.42.0-255,66,66,94,198
853,0.012945,31.13.82.0-255,66,132,94,198
854,0.01692,31.13.82.0-255,66,198,94,198
855,0.0,157.240.13.0-255,66,66,94,132
856,0.011283,104.244.42.0-255,66,132,94,132
857,0.0,104.244.42.0-255,66,66,94,198
858,0.014623,31.13.82.0-255,66,132,94,198
859,0.018961,31.13.82.0-255,66,198,94,198
860,0.0,157.240.13.0-255,66,66,94,132
861,0.012813,104.244.42.0-255,66,132,94,132
862,0.0,104.244.42.0-255,66,66,94,198
863,0.005159,31.13.82.0-255,66,132,94,198
864,0.010439,31.13.82.0-255,66,198,94,198
865,0.0,104.244.42.0-255,66,66,94,198
866,0.016975,31.13.82.0-255,66,132,94,198
867,0.020355,31.13.82.0-255,66,198,94,198
868,0.0,104.244.42.0-255,66,66,94,198
869,0.012876,31.13.82.0-255,66,132,94,198
870,0.017611,31.13.82.0-255,66,198,94,198
871,0.0,104.244.42.0-255,66,66,94,198
872,0.012474,31.13.82.0-255,66,132,94,198
873,0.017998,31.13.82.0-255,66,198,94,198
874,0.0,104.244.42.0-255,66,66,94,2251
875,0.000229,104.244.42.0-255,407,473,94,2251
876,0.000244,172.31.47.0-255,66,539,94,2251
877,0.000601,172.31.47.0-255,117,656,94,2251
878,0.002195,172.31.47.0-255,243,899,94,2251
879,0.002238,172.31.47.0-255,720,1619,94,2251
880,0.002337,104.244.42.0-255,110,1729,94,2251
881,0.003802,104.244.42.0-255,66,1795,94,2251
882,0.003853,104.244.42.0-255,104,1899,94,2251
883,0.00994,172.31.47.0-255,104,2003,94,2251
884,0.010266,104.244.42.0-255,104,2107,94,2251
885,0.010278,172.31.47.0-255,78,2185,94,2251
886,0.02528,157.240.13.0-255,66,2251,94,2251
887,0.0,157.240.13.0-255,66,66,94,132
888,0.013595,104.244.42.0-255,66,132,94,132
889,0.0,157.240.13.0-255,66,66,94,212
890,0.005062,172.31.47.0-255,146,212,94,212
891,0.0,157.240.13.0-255,66,66,94,132
892,0.01273,104.244.42.0-255,66,132,94,132
893,0.0,172.31.47.0-255,74,74,94,3498
894,0.001577,104.244.42.0-255,74,148,94,3498
895,0.001603,172.31.47.0-255,66,214,94,3498
896,0.006172,172.31.47.0-255,612,826,94,3498
897,0.007715,104.244.42.0-255,66,892,94,3498
898,0.007918,104.244.42.0-255,212,1104,94,3498
899,0.007925,172.31.47.0-255,66,1170,94,3498
900,0.010372,172.31.47.0-255,117,1287,94,3498
901,0.011377,172.31.47.0-255,112,1399,94,3498
902,0.01156,172.31.47.0-255,243,1642,94,3498
903,0.011588,172.31.47.0-255,724,2366,94,3498
904,0.012703,104.244.42.0-255,110,2476,94,3498
905,0.013138,104.244.42.0-255,66,2542,94,3498
906,0.013235,104.244.42.0-255,104,2646,94,3498
907,0.02015,104.244.42.0-255,104,2750,94,3498
908,0.020166,172.31.47.0-255,78,2828,94,3498
909,0.027981,157.240.13.0-255,66,2894,94,3498
910,0.030463,172.31.47.0-255,97,2991,94,3498
911,0.030473,172.31.47.0-255,66,3057,94,3498
912,0.030593,172.31.47.0-255,104,3161,94,3498
913,0.032004,104.244.42.0-255,66,3227,94,3498
914,0.032048,104.244.42.0-255,97,3324,94,3498
915,0.03206,172.31.47.0-255,54,3378,94,3498
916,0.032258,104.244.42.0-255,66,3444,94,3498
917,0.032261,172.31.47.0-255,54,3498,94,3498
918,0.0,157.240.13.0-255,66,66,94,132
919,0.008927,104.244.42.0-255,66,132,94,132
920,0.0,157.240.13.0-255,66,66,94,132
921,0.009441,104.244.42.0-255,66,132,94,132
922,0.0,157.240.13.0-255,66,66,94,264
923,0.008984,104.244.42.0-255,66,132,94,264
924,0.021141,31.13.82.0-255,66,198,94,264
925,0.025475,31.13.82.0-255,66,264,94,264
926,0.0,104.244.42.0-255,66,66,94,198
927,0.013909,31.13.82.0-255,66,132,94,198
928,0.019795,31.13.82.0-255,66,198,94,198
929,0.0,157.240.13.0-255,66,66,94,132
930,0.018064,104.244.42.0-255,66,132,94,132
931,0.0,104.244.42.0-255,66,66,94,198
932,0.017823,31.13.82.0-255,66,132,94,198
933,0.022029,31.13.82.0-255,66,198,94,198
934,0.0,104.244.42.0-255,66,66,94,198
935,0.015202,31.13.82.0-255,66,132,94,198
936,0.02074,31.13.82.0-255,66,198,94,198
937,0.0,104.244.42.0-255,66,66,94,198
938,0.01741,31.13.82.0-255,66,132,94,198
939,0.022754,31.13.82.0-255,66,198,94,198
940,0.0,172.31.47.0-255,146,146,94,278
941,0.027353,31.13.82.0-255,66,212,94,278
942,0.036563,31.13.82.0-255,66,278,94,278
943,0.0,157.240.7.0-255,66,66,94,132
944,0.01365,104.244.42.0-255,66,132,94,132
945,0.0,172.31.47.0-255,146,146,94,212
946,0.034503,31.13.82.0-255,66,212,94,212
947,0.0,157.240.13.0-255,66,66,94,132
948,0.015043,104.244.42.0-255,66,132,94,132
949,0.0,104.244.42.0-255,66,66,94,198
950,0.008704,31.13.82.0-255,66,132,94,198
951,0.012489,31.13.82.0-255,66,198,94,198
952,0.0,157.240.13.0-255,66,66,94,132
953,0.012202,104.244.42.0-255,66,132,94,132
954,0.0,104.244.42.0-255,66,66,94,198
955,0.015101,31.13.82.0-255,66,132,94,198
956,0.019543,31.13.82.0-255,66,198,94,198
957,0.0,104.244.42.0-255,66,66,94,198
958,0.001595,31.13.82.0-255,66,132,94,198
959,0.005788,31.13.82.0-255,66,198,94,198
960,0.0,104.244.42.0-255,66,66,94,198
961,0.012886,31.13.82.0-255,66,132,94,198
962,0.017331,31.13.82.0-255,66,198,94,198
963,0.0,157.240.13.0-255,66,66,94,132
964,0.00962,104.244.42.0-255,66,132,94,132
965,0.0,157.240.13.0-255,66,66,94,132
966,0.011186,104.244.42.0-255,66,132,94,132
967,0.0,157.240.13.0-255,66,66,94,132
968,0.012049,104.244.42.0-255,66,132,94,132
969,0.0,104.244.42.0-255,66,66,94,198
970,0.015713,31.13.82.0-255,66,132,94,198
971,0.019789,31.13.82.0-255,66,198,94,198
972,0.0,157.240.7.0-255,66,66,94,132
973,0.010989,104.244.42.0-255,66,132,94,132
974,0.0,104.244.42.0-255,66,66,94,198
975,0.014938,31.13.82.0-255,66,132,94,198
976,0.019763,31.13.82.0-255,66,198,94,198
977,0.0,157.240.13.0-255,66,66,94,132
978,0.01024,104.244.42.0-255,66,132,94,132
979,0.0,172.31.47.0-255,146,146,94,146
980,0.0,157.240.13.0-255,66,66,94,132
981,0.009158,104.244.42.0-255,66,132,94,132
982,0.0,104.244.42.0-255,66,66,94,198
983,0.017217,31.13.82.0-255,66,132,94,198
984,0.020144,31.13.82.0-255,66,198,94,198
985,0.0,172.31.47.0-255,121,121,94,596
986,0.002019,157.240.13.0-255,66,187,94,596
987,0.004609,172.31.47.0-255,101,288,94,596
988,0.013705,172.31.47.0-255,96,384,94,596
989,0.015701,157.240.13.0-255,66,450,94,596
990,0.026365,172.31.47.0-255,146,596,94,596
991,0.0,157.240.13.0-255,66,66,94,132
992,0.009088,104.244.42.0-255,66,132,94,132
993,0.0,104.244.42.0-255,66,66,94,198
994,0.010484,31.13.82.0-255,66,132,94,198
995,0.012042,31.13.82.0-255,66,198,94,198
996,0.0,172.31.47.0-255,146,146,94,278
997,0.028255,31.13.82.0-255,66,212,94,278
998,0.037947,31.13.82.0-255,66,278,94,278
999,0.0,104.244.42.0-255,66,66,94,198
1000,0.019347,31.13.82.0-255,66,132,94,198
1001,0.0231,31.13.82.0-255,66,198,94,198
1002,0.0,104.244.42.0-255,66,66,94,198
1003,0.008718,31.13.82.0-255,66,132,94,198
1004,0.013062,31.13.82.0-255,66,198,94,198
1005,0.0,172.31.47.0-255,146,146,94,212
1006,0.02994,31.13.82.0-255,66,212,94,212
1007,0.0,157.240.13.0-255,66,66,94,132
1008,0.00955,104.244.42.0-255,66,132,94,132
1009,0.0,157.240.13.0-255,66,66,94,132
1010,0.016671,104.244.42.0-255,66,132,94,132
1011,0.0,104.244.42.0-255,66,66,94,198
1012,0.015334,31.13.82.0-255,66,132,94,198
1013,0.019489,31.13.82.0-255,66,198,94,198
1014,0.0,172.31.47.0-255,146,146,94,212
1015,0.017016,157.240.13.0-255,66,212,94,212
1016,0.0,104.244.42.0-255,66,66,94,198
1017,0.028823,31.13.82.0-255,66,132,94,198
1018,0.028858,31.13.82.0-255,66,198,94,198
1019,0.0,157.240.13.0-255,66,66,94,132
1020,0.010215,104.244.42.0-255,66,132,94,132
1021,0.0,104.244.42.0-255,66,66,94,66
1022,0.0,104.244.42.0-255,66,66,94,198
1023,0.02064,31.13.82.0-255,66,132,94,198
1024,0.025455,31.13.82.0-255,66,198,94,198
1025,0.0,104.244.42.0-255,66,66,94,198
1026,0.010156,31.13.82.0-255,66,132,94,198
1027,0.014436,31.13.82.0-255,66,198,94,198
1028,0.0,157.240.13.0-255,66,66,94,132
1029,0.009137,104.244.42.0-255,66,132,94,132
1030,0.0,104.244.42.0-255,66,66,94,198
1031,0.009392,31.13.82.0-255,66,132,94,198
1032,0.014176,31.13.82.0-255,66,198,94,198
1033,0.0,157.240.13.0-255,66,66,94,132
1034,0.009505,104.244.42.0-255,66,132,94,132
1035,0.0,104.244.42.0-255,66,66,94,198
1036,0.014147,31.13.82.0-255,66,132,94,198
1037,0.018667,31.13.82.0-255,66,198,94,198
1038,0.0,104.244.42.0-255,66,66,94,198
1039,0.007378,31.13.82.0-255,66,132,94,198
1040,0.019981,31.13.82.0-255,66,198,94,198
1041,0.0,157.240.13.0-255,66,66,94,132
1042,0.015375,104.244.42.0-255,66,132,94,132
1043,0.0,104.244.42.0-255,66,66,94,198
1044,0.014962,31.13.82.0-255,66,132,94,198
1045,0.018688,31.13.82.0-255,66,198,94,198
1046,0.0,104.244.42.0-255,66,66,94,198
1047,0.010711,31.13.82.0-255,66,132,94,198
1048,0.014088,31.13.82.0-255,66,198,94,198
1049,0.0,104.244.42.0-255,66,66,94,198
1050,0.015723,31.13.82.0-255,66,132,94,198
1051,0.019012,31.13.82.0-255,66,198,94,198
1052,0.0,172.31.47.0-255,146,146,94,212
1053,0.013737,157.240.13.0-255,66,212,94,212
1054,0.0,157.240.7.0-255,66,66,94,132
1055,0.01125,104.244.42.0-255,66,132,94,132
1056,0.0,157.240.13.0-255,66,66,94,132
1057,0.014977,104.244.42.0-255,66,132,94,132
1058,0.0,157.240.13.0-255,66,66,94,132
1059,0.014747,104.244.42.0-255,66,132,94,132
1060,0.0,104.244.42.0-255,66,66,94,198
1061,0.007231,31.13.82.0-255,66,132,94,198
1062,0.012424,31.13.82.0-255,66,198,94,198
1063,0.0,104.244.42.0-255,66,66,94,198
1064,0.008556,31.13.82.0-255,66,132,94,198
1065,0.015548,31.13.82.0-255,66,198,94,198
1066,0.0,104.244.42.0-255,66,66,94,198
1067,0.008039,31.13.82.0-255,66,132,94,198
1068,0.011604,31.13.82.0-255,66,198,94,198
1069,0.0,157.240.13.0-255,66,66,94,132
1070,0.010085,104.244.42.0-255,66,132,94,132
1071,0.0,104.244.42.0-255,66,66,94,198
1072,0.013764,31.13.82.0-255,66,132,94,198
1073,0.017963,31.13.82.0-255,66,198,94,198
1074,0.0,104.244.42.0-255,66,66,94,198
1075,0.011844,31.13.82.0-255,66,132,94,198
1076,0.015617,31.13.82.0-255,66,198,94,198
1077,0.0,104.244.42.0-255,66,66,94,198
1078,0.019941,31.13.82.0-255,66,132,94,198
1079,0.024159,31.13.82.0-255,66,198,94,198
1080,0.0,157.240.13.0-255,66,66,94,132
1081,0.012301,104.244.42.0-255,66,132,94,132
1082,0.0,104.244.42.0-255,66,66,94,198
1083,0.012335,31.13.82.0-255,66,132,94,198
1084,0.016832,31.13.82.0-255,66,198,94,198
